        A1      A2      A3      A4      A5      
V1  0.0003  0.0013  0.0092  0.3264  0.7538  0.03
V2  0.0079  0.0317  0.1901  0.9249  0.9873  0.44
V3  0.0440  0.1595  0.5764  0.9862  0.9978  0.82
V4  0.1183  0.3563  0.7987  0.9952  0.9992  0.93
V5  0.2462  0.5740  0.9062  0.9980  0.9997  0.97
    0.0100  0.0400  0.2300  0.9400  0.9900   NaN
RMSD =  0.0716

        A1      A2      A3      A4      A5      
V1  0.0003  0.0013  0.0092  0.3264  0.7538  0.03
V2  0.0079  0.0317  0.1901  0.9249  0.9873  0.44
V3  0.0440  0.1595  0.5764  0.9862  0.9978  0.82
V4  0.1183  0.3563  0.7987  0.9952  0.9992  0.93
V5  0.2462  0.5740  0.9062  0.9980  0.9997  0.97
    0.0100  0.0400  0.2300  0.9400  0.9900   NaN
RMSD =  0.0716

        A1      A2      A3      A4      A5      
V1  0.0003  0.0013  0.0092  0.3264  0.7538  0.03
V2  0.0079  0.0317  0.1901  0.9249  0.9873  0.44
V3  0.0440  0.1595  0.5764  0.9862  0.9978  0.82
V4  0.1183  0.3563  0.7987  0.9952  0.9992  0.93
V5  0.2462  0.5740  0.9062  0.9980  0.9997  0.97
    0.0100  0.0400  0.2300  0.9400  0.9900   NaN
RMSD =  0.0716

        A1      A2      A3      A4      A5      
V1  0.0003  0.0013  0.0092  0.3264  0.7538  0.03
V2  0.0079  0.0317  0.1901  0.9249  0.9873  0.44
V3  0.0440  0.1595  0.5764  0.9862  0.9978  0.82
V4  0.1183  0.3563  0.7987  0.9952  0.9992  0.93
V5  0.2462  0.5740  0.9062  0.9980  0.9997  0.97
    0.0100  0.0400  0.2300  0.9400  0.9900   NaN
RMSD =  0.0716

        A1      A2      A3      A4      A5      
V1  0.0003  0.0013  0.0092  0.3264  0.7538  0.03
V2  0.0079  0.0317  0.1901  0.9249  0.9873  0.44
V3  0.0440  0.1595  0.5764  0.9862  0.9978  0.82
V4  0.1183  0.3563  0.7987  0.9952  0.9992  0.93
V5  0.2462  0.5740  0.9062  0.9980  0.9997  0.97
    0.0100  0.0400  0.2300  0.9400  0.9900   NaN
RMSD =  0.0716

        A1      A2      A3      A4      A5      
V1  0.0003  0.0013  0.0092  0.3264  0.7538  0.03
V2  0.0079  0.0317  0.1901  0.9249  0.9873  0.44
V3  0.0440  0.1595  0.5764  0.9862  0.9978  0.82
V4  0.1183  0.3563  0.7987  0.9952  0.9992  0.93
V5  0.2462  0.5740  0.9062  0.9980  0.9997  0.97
    0.0100  0.0400  0.2300  0.9400  0.9900   NaN
RMSD =  0.0716

        A1      A2      A3      A4      A5      
V1  0.0003  0.0013  0.0092  0.3264  0.7538  0.03
V2  0.0079  0.0317  0.1901  0.9249  0.9873  0.44
V3  0.0440  0.1595  0.5764  0.9862  0.9978  0.82
V4  0.1183  0.3563  0.7987  0.9952  0.9992  0.93
V5  0.2462  0.5740  0.9062  0.9980  0.9997  0.97
    0.0100  0.0400  0.2300  0.9400  0.9900   NaN
RMSD =  0.0716

        A1      A2      A3      A4      A5      
V1  0.0003  0.0013  0.0092  0.3264  0.7538  0.03
V2  0.0079  0.0317  0.1901  0.9249  0.9873  0.44
V3  0.0440  0.1595  0.5764  0.9862  0.9978  0.82
V4  0.1183  0.3563  0.7987  0.9952  0.9992  0.93
V5  0.2462  0.5740  0.9062  0.9980  0.9997  0.97
    0.0100  0.0400  0.2300  0.9400  0.9900   NaN
RMSD =  0.0716

        A1      A2      A3      A4      A5      
V1  0.0003  0.0013  0.0092  0.3264  0.7538  0.03
V2  0.0079  0.0317  0.1901  0.9249  0.9873  0.44
V3  0.0440  0.1595  0.5764  0.9862  0.9978  0.82
V4  0.1183  0.3563  0.7987  0.9952  0.9992  0.93
V5  0.2462  0.5740  0.9062  0.9980  0.9997  0.97
    0.0100  0.0400  0.2300  0.9400  0.9900   NaN
RMSD =  0.0716

        A1      A2      A3      A4      A5      
V1  0.0003  0.0013  0.0092  0.3264  0.7538  0.03
V2  0.0079  0.0317  0.1901  0.9249  0.9873  0.44
V3  0.0440  0.1595  0.5764  0.9862  0.9978  0.82
V4  0.1183  0.3563  0.7987  0.9952  0.9992  0.93
V5  0.2462  0.5740  0.9062  0.9980  0.9997  0.97
    0.0100  0.0400  0.2300  0.9400  0.9900   NaN
RMSD =  0.0716

        A1      A2      A3      A4      A5      
V1  0.0003  0.0013  0.0092  0.3264  0.7538  0.03
V2  0.0079  0.0317  0.1901  0.9249  0.9873  0.44
V3  0.0440  0.1595  0.5764  0.9862  0.9978  0.82
V4  0.1183  0.3563  0.7987  0.9952  0.9992  0.93
V5  0.2462  0.5740  0.9062  0.9980  0.9997  0.97
    0.0100  0.0400  0.2300  0.9400  0.9900   NaN
RMSD =  0.0716

        A1      A2      A3      A4      A5        
V1  0.0017  0.0049  0.0165  0.4653  0.7594  0.0601
V2  0.0199  0.0555  0.1679  0.9126  0.9743  0.4344
V3  0.0847  0.2116  0.4797  0.9795  0.9943  0.7783
V4  0.1910  0.4063  0.7017  0.9919  0.9977  0.8995
V5  0.2685  0.5154  0.7852  0.9947  0.9985  0.9330
    0.0257  0.0710  0.2080  0.9315  0.9801     NaN
RMSD =  0.0366

        A1      A2      A3      A4      A5        
V1  0.0017  0.0049  0.0165  0.4653  0.7594  0.0601
V2  0.0199  0.0555  0.1679  0.9126  0.9743  0.4344
V3  0.0847  0.2116  0.4797  0.9795  0.9943  0.7783
V4  0.1910  0.4063  0.7017  0.9919  0.9977  0.8995
V5  0.2685  0.5154  0.7852  0.9947  0.9985  0.9330
    0.0257  0.0710  0.2080  0.9315  0.9801     NaN
RMSD =  0.0366

        A1      A2      A3      A4      A5        
V1  0.0017  0.0049  0.0165  0.4653  0.7594  0.0601
V2  0.0199  0.0555  0.1679  0.9126  0.9743  0.4344
V3  0.0847  0.2116  0.4797  0.9795  0.9943  0.7783
V4  0.1910  0.4063  0.7017  0.9919  0.9977  0.8995
V5  0.2685  0.5154  0.7852  0.9947  0.9985  0.9330
    0.0257  0.0710  0.2080  0.9315  0.9801     NaN
RMSD =  0.0366

        A1      A2      A3      A4      A5        
V1  0.0017  0.0049  0.0165  0.4653  0.7594  0.0601
V2  0.0199  0.0555  0.1679  0.9126  0.9743  0.4344
V3  0.0847  0.2116  0.4797  0.9795  0.9943  0.7783
V4  0.1910  0.4063  0.7017  0.9919  0.9977  0.8995
V5  0.2685  0.5154  0.7852  0.9947  0.9985  0.9330
    0.0257  0.0710  0.2080  0.9315  0.9801     NaN
RMSD =  0.0366

        A1      A2      A3      A4      A5        
V1  0.0017  0.0049  0.0165  0.4653  0.7594  0.0601
V2  0.0199  0.0555  0.1679  0.9126  0.9743  0.4344
V3  0.0847  0.2116  0.4797  0.9795  0.9943  0.7783
V4  0.1910  0.4063  0.7017  0.9919  0.9977  0.8995
V5  0.2685  0.5154  0.7852  0.9947  0.9985  0.9330
    0.0257  0.0710  0.2080  0.9315  0.9801     NaN
RMSD =  0.0366

        A1      A2      A3      A4      A5        
V1  0.0017  0.0049  0.0165  0.4653  0.7594  0.0601
V2  0.0199  0.0555  0.1679  0.9126  0.9743  0.4344
V3  0.0847  0.2116  0.4797  0.9795  0.9943  0.7783
V4  0.1910  0.4063  0.7017  0.9919  0.9977  0.8995
V5  0.2685  0.5154  0.7852  0.9947  0.9985  0.9330
    0.0257  0.0710  0.2080  0.9315  0.9801     NaN
RMSD =  0.0366

        A1      A2      A3      A4      A5        
V1  0.0017  0.0049  0.0165  0.4653  0.7594  0.0601
V2  0.0199  0.0555  0.1679  0.9126  0.9743  0.4344
V3  0.0847  0.2116  0.4797  0.9795  0.9943  0.7783
V4  0.1910  0.4063  0.7017  0.9919  0.9977  0.8995
V5  0.2685  0.5154  0.7852  0.9947  0.9985  0.9330
    0.0257  0.0710  0.2080  0.9315  0.9801     NaN
RMSD =  0.0366

        A1      A2      A3      A4      A5        
V1  0.0017  0.0049  0.0165  0.4653  0.7594  0.0601
V2  0.0199  0.0555  0.1679  0.9126  0.9743  0.4344
V3  0.0847  0.2116  0.4797  0.9795  0.9943  0.7783
V4  0.1910  0.4063  0.7017  0.9919  0.9977  0.8995
V5  0.2685  0.5154  0.7852  0.9947  0.9985  0.9330
    0.0257  0.0710  0.2080  0.9315  0.9801     NaN
RMSD =  0.0366

        A1      A2      A3      A4      A5        
V1  0.0017  0.0049  0.0165  0.4653  0.7594  0.0601
V2  0.0199  0.0555  0.1679  0.9126  0.9743  0.4344
V3  0.0847  0.2116  0.4797  0.9795  0.9943  0.7783
V4  0.1910  0.4063  0.7017  0.9919  0.9977  0.8995
V5  0.2685  0.5154  0.7852  0.9947  0.9985  0.9330
    0.0257  0.0710  0.2080  0.9315  0.9801     NaN
RMSD =  0.0366

        A1      A2      A3      A4      A5        
V1  0.0017  0.0049  0.0165  0.4653  0.7594  0.0601
V2  0.0199  0.0555  0.1679  0.9126  0.9743  0.4344
V3  0.0847  0.2116  0.4797  0.9795  0.9943  0.7783
V4  0.1910  0.4063  0.7017  0.9919  0.9977  0.8995
V5  0.2685  0.5154  0.7852  0.9947  0.9985  0.9330
    0.0257  0.0710  0.2080  0.9315  0.9801     NaN
RMSD =  0.0366

        A1      A2      A3      A4      A5        
V1  0.0017  0.0049  0.0165  0.4653  0.7594  0.0601
V2  0.0199  0.0555  0.1679  0.9126  0.9743  0.4344
V3  0.0847  0.2116  0.4797  0.9795  0.9943  0.7783
V4  0.1910  0.4063  0.7017  0.9919  0.9977  0.8995
V5  0.2685  0.5154  0.7852  0.9947  0.9985  0.9330
    0.0257  0.0710  0.2080  0.9315  0.9801     NaN
RMSD =  0.0366

        A1      A2      A3      A4      A5        
V1  0.0035  0.0077  0.0236  0.5046  0.7605  0.0898
V2  0.0274  0.0584  0.1617  0.8905  0.9620  0.4404
V3  0.1155  0.2233  0.4718  0.9741  0.9916  0.7847
V4  0.2477  0.4202  0.6925  0.9896  0.9966  0.9019
V5  0.2923  0.4762  0.7386  0.9917  0.9973  0.9202
    0.0346  0.0731  0.1969  0.9117  0.9699     NaN
RMSD =  0.0292

        A1      A2      A3      A4      A5        
V1  0.0035  0.0077  0.0236  0.5046  0.7605  0.0898
V2  0.0274  0.0584  0.1617  0.8905  0.9620  0.4404
V3  0.1155  0.2233  0.4718  0.9741  0.9916  0.7847
V4  0.2477  0.4202  0.6925  0.9896  0.9966  0.9019
V5  0.2923  0.4762  0.7386  0.9917  0.9973  0.9202
    0.0346  0.0731  0.1969  0.9117  0.9699     NaN
RMSD =  0.0292

        A1      A2      A3      A4      A5        
V1  0.0035  0.0077  0.0236  0.5046  0.7605  0.0898
V2  0.0274  0.0584  0.1617  0.8905  0.9620  0.4404
V3  0.1155  0.2233  0.4718  0.9741  0.9916  0.7847
V4  0.2477  0.4202  0.6925  0.9896  0.9966  0.9019
V5  0.2923  0.4762  0.7386  0.9917  0.9973  0.9202
    0.0346  0.0731  0.1969  0.9117  0.9699     NaN
RMSD =  0.0292

        A1      A2      A3      A4      A5        
V1  0.0035  0.0077  0.0236  0.5046  0.7605  0.0898
V2  0.0274  0.0584  0.1617  0.8905  0.9620  0.4404
V3  0.1155  0.2233  0.4718  0.9741  0.9916  0.7847
V4  0.2477  0.4202  0.6925  0.9896  0.9966  0.9019
V5  0.2923  0.4762  0.7386  0.9917  0.9973  0.9202
    0.0346  0.0731  0.1969  0.9117  0.9699     NaN
RMSD =  0.0292

        A1      A2      A3      A4      A5        
V1  0.0035  0.0077  0.0236  0.5046  0.7605  0.0898
V2  0.0274  0.0584  0.1617  0.8905  0.9620  0.4404
V3  0.1155  0.2233  0.4718  0.9741  0.9916  0.7847
V4  0.2477  0.4202  0.6925  0.9896  0.9966  0.9019
V5  0.2923  0.4762  0.7386  0.9917  0.9973  0.9202
    0.0346  0.0731  0.1969  0.9117  0.9699     NaN
RMSD =  0.0292

        A1      A2      A3      A4      A5        
V1  0.0035  0.0077  0.0236  0.5046  0.7605  0.0898
V2  0.0274  0.0584  0.1617  0.8905  0.9620  0.4404
V3  0.1155  0.2233  0.4718  0.9741  0.9916  0.7847
V4  0.2477  0.4202  0.6925  0.9896  0.9966  0.9019
V5  0.2923  0.4762  0.7386  0.9917  0.9973  0.9202
    0.0346  0.0731  0.1969  0.9117  0.9699     NaN
RMSD =  0.0292

        A1      A2      A3      A4      A5        
V1  0.0035  0.0077  0.0236  0.5046  0.7605  0.0898
V2  0.0274  0.0584  0.1617  0.8905  0.9620  0.4404
V3  0.1155  0.2233  0.4718  0.9741  0.9916  0.7847
V4  0.2477  0.4202  0.6925  0.9896  0.9966  0.9019
V5  0.2923  0.4762  0.7386  0.9917  0.9973  0.9202
    0.0346  0.0731  0.1969  0.9117  0.9699     NaN
RMSD =  0.0292

        A1      A2      A3      A4      A5        
V1  0.0035  0.0077  0.0236  0.5046  0.7605  0.0898
V2  0.0274  0.0584  0.1617  0.8905  0.9620  0.4404
V3  0.1155  0.2233  0.4718  0.9741  0.9916  0.7847
V4  0.2477  0.4202  0.6925  0.9896  0.9966  0.9019
V5  0.2923  0.4762  0.7386  0.9917  0.9973  0.9202
    0.0346  0.0731  0.1969  0.9117  0.9699     NaN
RMSD =  0.0292

        A1      A2      A3      A4      A5        
V1  0.0035  0.0077  0.0236  0.5046  0.7605  0.0898
V2  0.0274  0.0584  0.1617  0.8905  0.9620  0.4404
V3  0.1155  0.2233  0.4718  0.9741  0.9916  0.7847
V4  0.2477  0.4202  0.6925  0.9896  0.9966  0.9019
V5  0.2923  0.4762  0.7386  0.9917  0.9973  0.9202
    0.0346  0.0731  0.1969  0.9117  0.9699     NaN
RMSD =  0.0292

        A1      A2      A3      A4      A5        
V1  0.0035  0.0077  0.0236  0.5046  0.7605  0.0898
V2  0.0274  0.0584  0.1617  0.8905  0.9620  0.4404
V3  0.1155  0.2233  0.4718  0.9741  0.9916  0.7847
V4  0.2477  0.4202  0.6925  0.9896  0.9966  0.9019
V5  0.2923  0.4762  0.7386  0.9917  0.9973  0.9202
    0.0346  0.0731  0.1969  0.9117  0.9699     NaN
RMSD =  0.0292

        A1      A2      A3      A4      A5        
V1  0.0035  0.0077  0.0236  0.5046  0.7605  0.0898
V2  0.0274  0.0584  0.1617  0.8905  0.9620  0.4404
V3  0.1155  0.2233  0.4718  0.9741  0.9916  0.7847
V4  0.2477  0.4202  0.6925  0.9896  0.9966  0.9019
V5  0.2923  0.4762  0.7386  0.9917  0.9973  0.9202
    0.0346  0.0731  0.1969  0.9117  0.9699     NaN
RMSD =  0.0292

        A1      A2      A3      A4      A5        
V1  0.0040  0.0086  0.0261  0.5110  0.7603  0.0998
V2  0.0279  0.0575  0.1593  0.8807  0.9573  0.4394
V3  0.1186  0.2227  0.4706  0.9719  0.9906  0.7862
V4  0.2539  0.4202  0.6921  0.9887  0.9963  0.9029
V5  0.2966  0.4731  0.7358  0.9909  0.9970  0.9201
    0.0353  0.0723  0.1947  0.9040  0.9662     NaN
RMSD =  0.0289

        A1      A2      A3      A4      A5        
V1  0.0040  0.0086  0.0261  0.5110  0.7603  0.0998
V2  0.0279  0.0575  0.1593  0.8807  0.9573  0.4394
V3  0.1186  0.2227  0.4706  0.9719  0.9906  0.7862
V4  0.2539  0.4202  0.6921  0.9887  0.9963  0.9029
V5  0.2966  0.4731  0.7358  0.9909  0.9970  0.9201
    0.0353  0.0723  0.1947  0.9040  0.9662     NaN
RMSD =  0.0289

        A1      A2      A3      A4      A5        
V1  0.0040  0.0086  0.0261  0.5110  0.7603  0.0998
V2  0.0279  0.0575  0.1593  0.8807  0.9573  0.4394
V3  0.1186  0.2227  0.4706  0.9719  0.9906  0.7862
V4  0.2539  0.4202  0.6921  0.9887  0.9963  0.9029
V5  0.2966  0.4731  0.7358  0.9909  0.9970  0.9201
    0.0353  0.0723  0.1947  0.9040  0.9662     NaN
RMSD =  0.0289

        A1      A2      A3      A4      A5        
V1  0.0040  0.0086  0.0261  0.5110  0.7603  0.0998
V2  0.0279  0.0575  0.1593  0.8807  0.9573  0.4394
V3  0.1186  0.2227  0.4706  0.9719  0.9906  0.7862
V4  0.2539  0.4202  0.6921  0.9887  0.9963  0.9029
V5  0.2966  0.4731  0.7358  0.9909  0.9970  0.9201
    0.0353  0.0723  0.1947  0.9040  0.9662     NaN
RMSD =  0.0289

        A1      A2      A3      A4      A5        
V1  0.0040  0.0086  0.0261  0.5110  0.7603  0.0998
V2  0.0279  0.0575  0.1593  0.8807  0.9573  0.4394
V3  0.1186  0.2227  0.4706  0.9719  0.9906  0.7862
V4  0.2539  0.4202  0.6921  0.9887  0.9963  0.9029
V5  0.2966  0.4731  0.7358  0.9909  0.9970  0.9201
    0.0353  0.0723  0.1947  0.9040  0.9662     NaN
RMSD =  0.0289

        A1      A2      A3      A4      A5        
V1  0.0040  0.0086  0.0261  0.5110  0.7603  0.0998
V2  0.0279  0.0575  0.1593  0.8807  0.9573  0.4394
V3  0.1186  0.2227  0.4706  0.9719  0.9906  0.7862
V4  0.2539  0.4202  0.6921  0.9887  0.9963  0.9029
V5  0.2966  0.4731  0.7358  0.9909  0.9970  0.9201
    0.0353  0.0723  0.1947  0.9040  0.9662     NaN
RMSD =  0.0289

        A1      A2      A3      A4      A5        
V1  0.0040  0.0086  0.0261  0.5110  0.7603  0.0998
V2  0.0279  0.0575  0.1593  0.8807  0.9573  0.4394
V3  0.1186  0.2227  0.4706  0.9719  0.9906  0.7862
V4  0.2539  0.4202  0.6921  0.9887  0.9963  0.9029
V5  0.2966  0.4731  0.7358  0.9909  0.9970  0.9201
    0.0353  0.0723  0.1947  0.9040  0.9662     NaN
RMSD =  0.0289

        A1      A2      A3      A4      A5        
V1  0.0040  0.0086  0.0261  0.5110  0.7603  0.0998
V2  0.0279  0.0575  0.1593  0.8807  0.9573  0.4394
V3  0.1186  0.2227  0.4706  0.9719  0.9906  0.7862
V4  0.2539  0.4202  0.6921  0.9887  0.9963  0.9029
V5  0.2966  0.4731  0.7358  0.9909  0.9970  0.9201
    0.0353  0.0723  0.1947  0.9040  0.9662     NaN
RMSD =  0.0289

        A1      A2      A3      A4      A5        
V1  0.0040  0.0086  0.0261  0.5110  0.7603  0.0998
V2  0.0279  0.0575  0.1593  0.8807  0.9573  0.4394
V3  0.1186  0.2227  0.4706  0.9719  0.9906  0.7862
V4  0.2539  0.4202  0.6921  0.9887  0.9963  0.9029
V5  0.2966  0.4731  0.7358  0.9909  0.9970  0.9201
    0.0353  0.0723  0.1947  0.9040  0.9662     NaN
RMSD =  0.0289

        A1      A2      A3      A4      A5        
V1  0.0040  0.0086  0.0261  0.5110  0.7603  0.0998
V2  0.0279  0.0575  0.1593  0.8807  0.9573  0.4394
V3  0.1186  0.2227  0.4706  0.9719  0.9906  0.7862
V4  0.2539  0.4202  0.6921  0.9887  0.9963  0.9029
V5  0.2966  0.4731  0.7358  0.9909  0.9970  0.9201
    0.0353  0.0723  0.1947  0.9040  0.9662     NaN
RMSD =  0.0289

        A1      A2      A3      A4      A5        
V1  0.0040  0.0086  0.0261  0.5110  0.7603  0.0998
V2  0.0279  0.0575  0.1593  0.8807  0.9573  0.4394
V3  0.1186  0.2227  0.4706  0.9719  0.9906  0.7862
V4  0.2539  0.4202  0.6921  0.9887  0.9963  0.9029
V5  0.2966  0.4731  0.7358  0.9909  0.9970  0.9201
    0.0353  0.0723  0.1947  0.9040  0.9662     NaN
RMSD =  0.0289

        A1      A2      A3      A4      A5        
V1  0.0040  0.0085  0.0260  0.5102  0.7601  0.0992
V2  0.0277  0.0572  0.1584  0.8803  0.9572  0.4372
V3  0.1187  0.2228  0.4706  0.9720  0.9906  0.7858
V4  0.2541  0.4202  0.6921  0.9887  0.9963  0.9027
V5  0.2966  0.4730  0.7357  0.9909  0.9970  0.9199
    0.0354  0.0725  0.1951  0.9044  0.9664     NaN
RMSD =  0.0289

        A1      A2      A3      A4      A5        
V1  0.0040  0.0085  0.0260  0.5102  0.7601  0.0992
V2  0.0277  0.0572  0.1584  0.8803  0.9572  0.4372
V3  0.1187  0.2228  0.4706  0.9720  0.9906  0.7858
V4  0.2541  0.4202  0.6921  0.9887  0.9963  0.9027
V5  0.2966  0.4730  0.7357  0.9909  0.9970  0.9199
    0.0354  0.0725  0.1951  0.9044  0.9664     NaN
RMSD =  0.0289

        A1      A2      A3      A4      A5        
V1  0.0040  0.0085  0.0260  0.5102  0.7601  0.0992
V2  0.0277  0.0572  0.1584  0.8803  0.9572  0.4372
V3  0.1187  0.2228  0.4706  0.9720  0.9906  0.7858
V4  0.2541  0.4202  0.6921  0.9887  0.9963  0.9027
V5  0.2966  0.4730  0.7357  0.9909  0.9970  0.9199
    0.0354  0.0725  0.1951  0.9044  0.9664     NaN
RMSD =  0.0289

        A1      A2      A3      A4      A5        
V1  0.0040  0.0085  0.0260  0.5102  0.7601  0.0992
V2  0.0277  0.0572  0.1584  0.8803  0.9572  0.4372
V3  0.1187  0.2228  0.4706  0.9720  0.9906  0.7858
V4  0.2541  0.4202  0.6921  0.9887  0.9963  0.9027
V5  0.2966  0.4730  0.7357  0.9909  0.9970  0.9199
    0.0354  0.0725  0.1951  0.9044  0.9664     NaN
RMSD =  0.0289

        A1      A2      A3      A4      A5        
V1  0.0040  0.0085  0.0260  0.5102  0.7601  0.0992
V2  0.0277  0.0572  0.1584  0.8803  0.9572  0.4372
V3  0.1187  0.2228  0.4706  0.9720  0.9906  0.7858
V4  0.2541  0.4202  0.6921  0.9887  0.9963  0.9027
V5  0.2966  0.4730  0.7357  0.9909  0.9970  0.9199
    0.0354  0.0725  0.1951  0.9044  0.9664     NaN
RMSD =  0.0289

        A1      A2      A3      A4      A5        
V1  0.0040  0.0085  0.0260  0.5102  0.7601  0.0992
V2  0.0277  0.0572  0.1584  0.8803  0.9572  0.4372
V3  0.1187  0.2228  0.4706  0.9720  0.9906  0.7858
V4  0.2541  0.4202  0.6921  0.9887  0.9963  0.9027
V5  0.2966  0.4730  0.7357  0.9909  0.9970  0.9199
    0.0354  0.0725  0.1951  0.9044  0.9664     NaN
RMSD =  0.0289

        A1      A2      A3      A4      A5        
V1  0.0040  0.0085  0.0260  0.5102  0.7601  0.0992
V2  0.0277  0.0572  0.1584  0.8803  0.9572  0.4372
V3  0.1187  0.2228  0.4706  0.9720  0.9906  0.7858
V4  0.2541  0.4202  0.6921  0.9887  0.9963  0.9027
V5  0.2966  0.4730  0.7357  0.9909  0.9970  0.9199
    0.0354  0.0725  0.1951  0.9044  0.9664     NaN
RMSD =  0.0289

        A1      A2      A3      A4      A5        
V1  0.0040  0.0085  0.0260  0.5102  0.7601  0.0992
V2  0.0277  0.0572  0.1584  0.8803  0.9572  0.4372
V3  0.1187  0.2228  0.4706  0.9720  0.9906  0.7858
V4  0.2541  0.4202  0.6921  0.9887  0.9963  0.9027
V5  0.2966  0.4730  0.7357  0.9909  0.9970  0.9199
    0.0354  0.0725  0.1951  0.9044  0.9664     NaN
RMSD =  0.0289

        A1      A2      A3      A4      A5        
V1  0.0040  0.0085  0.0260  0.5102  0.7601  0.0992
V2  0.0277  0.0572  0.1584  0.8803  0.9572  0.4372
V3  0.1187  0.2228  0.4706  0.9720  0.9906  0.7858
V4  0.2541  0.4202  0.6921  0.9887  0.9963  0.9027
V5  0.2966  0.4730  0.7357  0.9909  0.9970  0.9199
    0.0354  0.0725  0.1951  0.9044  0.9664     NaN
RMSD =  0.0289

        A1      A2      A3      A4      A5        
V1  0.0040  0.0085  0.0260  0.5102  0.7601  0.0992
V2  0.0277  0.0572  0.1584  0.8803  0.9572  0.4372
V3  0.1187  0.2228  0.4706  0.9720  0.9906  0.7858
V4  0.2541  0.4202  0.6921  0.9887  0.9963  0.9027
V5  0.2966  0.4730  0.7357  0.9909  0.9970  0.9199
    0.0354  0.0725  0.1951  0.9044  0.9664     NaN
RMSD =  0.0289

        A1      A2      A3      A4      A5        
V1  0.0040  0.0085  0.0260  0.5102  0.7601  0.0992
V2  0.0277  0.0572  0.1584  0.8803  0.9572  0.4372
V3  0.1187  0.2228  0.4706  0.9720  0.9906  0.7858
V4  0.2541  0.4202  0.6921  0.9887  0.9963  0.9027
V5  0.2966  0.4730  0.7357  0.9909  0.9970  0.9199
    0.0354  0.0725  0.1951  0.9044  0.9664     NaN
RMSD =  0.0289

        A1      A2      A3      A4      A5        
V1  0.0040  0.0085  0.0260  0.5102  0.7601  0.0994
V2  0.0277  0.0572  0.1583  0.8800  0.9571  0.4372
V3  0.1187  0.2228  0.4706  0.9720  0.9906  0.7859
V4  0.2541  0.4202  0.6921  0.9887  0.9963  0.9027
V5  0.2966  0.4729  0.7357  0.9909  0.9970  0.9200
    0.0354  0.0724  0.1950  0.9042  0.9663     NaN
RMSD =  0.0289

        A1      A2      A3      A4      A5        
V1  0.0040  0.0085  0.0260  0.5102  0.7601  0.0994
V2  0.0277  0.0572  0.1583  0.8800  0.9571  0.4372
V3  0.1187  0.2228  0.4706  0.9720  0.9906  0.7859
V4  0.2541  0.4202  0.6921  0.9887  0.9963  0.9027
V5  0.2966  0.4729  0.7357  0.9909  0.9970  0.9200
    0.0354  0.0724  0.1950  0.9042  0.9663     NaN
RMSD =  0.0289

        A1      A2      A3      A4      A5        
V1  0.0040  0.0085  0.0260  0.5102  0.7601  0.0994
V2  0.0277  0.0572  0.1583  0.8800  0.9571  0.4372
V3  0.1187  0.2228  0.4706  0.9720  0.9906  0.7859
V4  0.2541  0.4202  0.6921  0.9887  0.9963  0.9027
V5  0.2966  0.4729  0.7357  0.9909  0.9970  0.9200
    0.0354  0.0724  0.1950  0.9042  0.9663     NaN
RMSD =  0.0289

        A1      A2      A3      A4      A5        
V1  0.0040  0.0085  0.0260  0.5102  0.7601  0.0994
V2  0.0277  0.0572  0.1583  0.8800  0.9571  0.4372
V3  0.1187  0.2228  0.4706  0.9720  0.9906  0.7859
V4  0.2541  0.4202  0.6921  0.9887  0.9963  0.9027
V5  0.2966  0.4729  0.7357  0.9909  0.9970  0.9200
    0.0354  0.0724  0.1950  0.9042  0.9663     NaN
RMSD =  0.0289

        A1      A2      A3      A4      A5        
V1  0.0040  0.0085  0.0260  0.5102  0.7601  0.0994
V2  0.0277  0.0572  0.1583  0.8800  0.9571  0.4372
V3  0.1187  0.2228  0.4706  0.9720  0.9906  0.7859
V4  0.2541  0.4202  0.6921  0.9887  0.9963  0.9027
V5  0.2966  0.4729  0.7357  0.9909  0.9970  0.9200
    0.0354  0.0724  0.1950  0.9042  0.9663     NaN
RMSD =  0.0289

        A1      A2      A3      A4      A5        
V1  0.0040  0.0085  0.0260  0.5102  0.7601  0.0994
V2  0.0277  0.0572  0.1583  0.8800  0.9571  0.4372
V3  0.1187  0.2228  0.4706  0.9720  0.9906  0.7859
V4  0.2541  0.4202  0.6921  0.9887  0.9963  0.9027
V5  0.2966  0.4729  0.7357  0.9909  0.9970  0.9200
    0.0354  0.0724  0.1950  0.9042  0.9663     NaN
RMSD =  0.0289

        A1      A2      A3      A4      A5        
V1  0.0040  0.0085  0.0260  0.5102  0.7601  0.0994
V2  0.0277  0.0572  0.1583  0.8800  0.9571  0.4372
V3  0.1187  0.2228  0.4706  0.9720  0.9906  0.7859
V4  0.2541  0.4202  0.6921  0.9887  0.9963  0.9027
V5  0.2966  0.4729  0.7357  0.9909  0.9970  0.9200
    0.0354  0.0724  0.1950  0.9042  0.9663     NaN
RMSD =  0.0289

        A1      A2      A3      A4      A5        
V1  0.0040  0.0085  0.0260  0.5102  0.7601  0.0994
V2  0.0277  0.0572  0.1583  0.8800  0.9571  0.4372
V3  0.1187  0.2228  0.4706  0.9720  0.9906  0.7859
V4  0.2541  0.4202  0.6921  0.9887  0.9963  0.9027
V5  0.2966  0.4729  0.7357  0.9909  0.9970  0.9200
    0.0354  0.0724  0.1950  0.9042  0.9663     NaN
RMSD =  0.0289

        A1      A2      A3      A4      A5        
V1  0.0040  0.0085  0.0260  0.5102  0.7601  0.0994
V2  0.0277  0.0572  0.1583  0.8800  0.9571  0.4372
V3  0.1187  0.2228  0.4706  0.9720  0.9906  0.7859
V4  0.2541  0.4202  0.6921  0.9887  0.9963  0.9027
V5  0.2966  0.4729  0.7357  0.9909  0.9970  0.9200
    0.0354  0.0724  0.1950  0.9042  0.9663     NaN
RMSD =  0.0289

        A1      A2      A3      A4      A5        
V1  0.0040  0.0085  0.0260  0.5102  0.7601  0.0994
V2  0.0277  0.0572  0.1583  0.8800  0.9571  0.4372
V3  0.1187  0.2228  0.4706  0.9720  0.9906  0.7859
V4  0.2541  0.4202  0.6921  0.9887  0.9963  0.9027
V5  0.2966  0.4729  0.7357  0.9909  0.9970  0.9200
    0.0354  0.0724  0.1950  0.9042  0.9663     NaN
RMSD =  0.0289

        A1      A2      A3      A4      A5        
V1  0.0040  0.0085  0.0260  0.5102  0.7601  0.0994
V2  0.0277  0.0572  0.1583  0.8800  0.9571  0.4372
V3  0.1187  0.2228  0.4706  0.9720  0.9906  0.7859
V4  0.2541  0.4202  0.6921  0.9887  0.9963  0.9027
V5  0.2966  0.4729  0.7357  0.9909  0.9970  0.9200
    0.0354  0.0724  0.1950  0.9042  0.9663     NaN
RMSD =  0.0289

        A1      A2      A3      A4      A5        
V1  0.0040  0.0085  0.0260  0.5102  0.7601  0.0994
V2  0.0277  0.0572  0.1583  0.8800  0.9571  0.4371
V3  0.1187  0.2228  0.4706  0.9720  0.9906  0.7859
V4  0.2541  0.4202  0.6921  0.9887  0.9963  0.9027
V5  0.2966  0.4729  0.7357  0.9909  0.9970  0.9199
    0.0354  0.0724  0.1950  0.9042  0.9664     NaN
RMSD =  0.0289

        A1      A2      A3      A4      A5        
V1  0.0040  0.0085  0.0260  0.5102  0.7601  0.0994
V2  0.0277  0.0572  0.1583  0.8800  0.9571  0.4371
V3  0.1187  0.2228  0.4706  0.9720  0.9906  0.7859
V4  0.2541  0.4202  0.6921  0.9887  0.9963  0.9027
V5  0.2966  0.4729  0.7357  0.9909  0.9970  0.9199
    0.0354  0.0724  0.1950  0.9042  0.9664     NaN
RMSD =  0.0289

        A1      A2      A3      A4      A5        
V1  0.0040  0.0085  0.0260  0.5102  0.7601  0.0994
V2  0.0277  0.0572  0.1583  0.8800  0.9571  0.4371
V3  0.1187  0.2228  0.4706  0.9720  0.9906  0.7859
V4  0.2541  0.4202  0.6921  0.9887  0.9963  0.9027
V5  0.2966  0.4729  0.7357  0.9909  0.9970  0.9199
    0.0354  0.0724  0.1950  0.9042  0.9664     NaN
RMSD =  0.0289

        A1      A2      A3      A4      A5        
V1  0.0040  0.0085  0.0260  0.5102  0.7601  0.0994
V2  0.0277  0.0572  0.1583  0.8800  0.9571  0.4371
V3  0.1187  0.2228  0.4706  0.9720  0.9906  0.7859
V4  0.2541  0.4202  0.6921  0.9887  0.9963  0.9027
V5  0.2966  0.4729  0.7357  0.9909  0.9970  0.9199
    0.0354  0.0724  0.1950  0.9042  0.9664     NaN
RMSD =  0.0289

        A1      A2      A3      A4      A5        
V1  0.0040  0.0085  0.0260  0.5102  0.7601  0.0994
V2  0.0277  0.0572  0.1583  0.8800  0.9571  0.4371
V3  0.1187  0.2228  0.4706  0.9720  0.9906  0.7859
V4  0.2541  0.4202  0.6921  0.9887  0.9963  0.9027
V5  0.2966  0.4729  0.7357  0.9909  0.9970  0.9199
    0.0354  0.0724  0.1950  0.9042  0.9664     NaN
RMSD =  0.0289

        A1      A2      A3      A4      A5        
V1  0.0040  0.0085  0.0260  0.5102  0.7601  0.0994
V2  0.0277  0.0572  0.1583  0.8800  0.9571  0.4371
V3  0.1187  0.2228  0.4706  0.9720  0.9906  0.7859
V4  0.2541  0.4202  0.6921  0.9887  0.9963  0.9027
V5  0.2966  0.4729  0.7357  0.9909  0.9970  0.9199
    0.0354  0.0724  0.1950  0.9042  0.9664     NaN
RMSD =  0.0289

        A1      A2      A3      A4      A5        
V1  0.0040  0.0085  0.0260  0.5102  0.7601  0.0994
V2  0.0277  0.0572  0.1583  0.8800  0.9571  0.4371
V3  0.1187  0.2228  0.4706  0.9720  0.9906  0.7859
V4  0.2541  0.4202  0.6921  0.9887  0.9963  0.9027
V5  0.2966  0.4729  0.7357  0.9909  0.9970  0.9199
    0.0354  0.0724  0.1950  0.9042  0.9664     NaN
RMSD =  0.0289

        A1      A2      A3      A4      A5        
V1  0.0040  0.0085  0.0260  0.5102  0.7601  0.0994
V2  0.0277  0.0572  0.1583  0.8800  0.9571  0.4371
V3  0.1187  0.2228  0.4706  0.9720  0.9906  0.7859
V4  0.2541  0.4202  0.6921  0.9887  0.9963  0.9027
V5  0.2966  0.4729  0.7357  0.9909  0.9970  0.9199
    0.0354  0.0724  0.1950  0.9042  0.9664     NaN
RMSD =  0.0289

        A1      A2      A3      A4      A5        
V1  0.0040  0.0085  0.0260  0.5102  0.7601  0.0994
V2  0.0277  0.0572  0.1583  0.8800  0.9571  0.4371
V3  0.1187  0.2228  0.4706  0.9720  0.9906  0.7859
V4  0.2541  0.4202  0.6921  0.9887  0.9963  0.9027
V5  0.2966  0.4729  0.7357  0.9909  0.9970  0.9199
    0.0354  0.0724  0.1950  0.9042  0.9664     NaN
RMSD =  0.0289

        A1      A2      A3      A4      A5        
V1  0.0040  0.0085  0.0260  0.5102  0.7601  0.0994
V2  0.0277  0.0572  0.1583  0.8800  0.9571  0.4371
V3  0.1187  0.2228  0.4706  0.9720  0.9906  0.7859
V4  0.2541  0.4202  0.6921  0.9887  0.9963  0.9027
V5  0.2966  0.4729  0.7357  0.9909  0.9970  0.9199
    0.0354  0.0724  0.1950  0.9042  0.9664     NaN
RMSD =  0.0289

        A1      A2      A3      A4      A5        
V1  0.0040  0.0085  0.0260  0.5102  0.7601  0.0994
V2  0.0277  0.0572  0.1583  0.8800  0.9571  0.4371
V3  0.1187  0.2228  0.4706  0.9720  0.9906  0.7859
V4  0.2541  0.4202  0.6921  0.9887  0.9963  0.9027
V5  0.2966  0.4729  0.7357  0.9909  0.9970  0.9199
    0.0354  0.0724  0.1950  0.9042  0.9664     NaN
RMSD =  0.0289

        A1      A2      A3      A4      A5        
V1  0.0040  0.0085  0.0260  0.5102  0.7601  0.0994
V2  0.0277  0.0572  0.1583  0.8800  0.9571  0.4371
V3  0.1187  0.2228  0.4706  0.9720  0.9906  0.7859
V4  0.2541  0.4202  0.6921  0.9887  0.9963  0.9027
V5  0.2966  0.4729  0.7357  0.9909  0.9970  0.9199
    0.0354  0.0724  0.1950  0.9042  0.9664     NaN
RMSD =  0.0289

        A1      A2      A3      A4      A5        
V1  0.0040  0.0085  0.0260  0.5102  0.7601  0.0994
V2  0.0277  0.0572  0.1583  0.8800  0.9571  0.4371
V3  0.1187  0.2228  0.4706  0.9720  0.9906  0.7859
V4  0.2541  0.4202  0.6921  0.9887  0.9963  0.9027
V5  0.2966  0.4729  0.7357  0.9909  0.9970  0.9199
    0.0354  0.0724  0.1950  0.9042  0.9664     NaN
RMSD =  0.0289

        A1      A2      A3      A4      A5        
V1  0.0040  0.0085  0.0260  0.5102  0.7601  0.0994
V2  0.0277  0.0572  0.1583  0.8800  0.9571  0.4371
V3  0.1187  0.2228  0.4706  0.9720  0.9906  0.7859
V4  0.2541  0.4202  0.6921  0.9887  0.9963  0.9027
V5  0.2966  0.4729  0.7357  0.9909  0.9970  0.9199
    0.0354  0.0724  0.1950  0.9042  0.9664     NaN
RMSD =  0.0289

        A1      A2      A3      A4      A5        
V1  0.0040  0.0085  0.0260  0.5102  0.7601  0.0994
V2  0.0277  0.0572  0.1583  0.8800  0.9571  0.4371
V3  0.1187  0.2228  0.4706  0.9720  0.9906  0.7859
V4  0.2541  0.4202  0.6921  0.9887  0.9963  0.9027
V5  0.2966  0.4729  0.7357  0.9909  0.9970  0.9199
    0.0354  0.0724  0.1950  0.9042  0.9664     NaN
RMSD =  0.0289

        A1      A2      A3      A4      A5        
V1  0.0040  0.0085  0.0260  0.5102  0.7601  0.0994
V2  0.0277  0.0572  0.1583  0.8800  0.9571  0.4371
V3  0.1187  0.2228  0.4706  0.9720  0.9906  0.7859
V4  0.2541  0.4202  0.6921  0.9887  0.9963  0.9027
V5  0.2966  0.4729  0.7357  0.9909  0.9970  0.9199
    0.0354  0.0724  0.1950  0.9042  0.9664     NaN
RMSD =  0.0289

        A1      A2      A3      A4      A5        
V1  0.0040  0.0085  0.0260  0.5102  0.7601  0.0994
V2  0.0277  0.0572  0.1583  0.8800  0.9571  0.4371
V3  0.1187  0.2228  0.4706  0.9720  0.9906  0.7859
V4  0.2541  0.4202  0.6921  0.9887  0.9963  0.9027
V5  0.2966  0.4729  0.7357  0.9909  0.9970  0.9199
    0.0354  0.0724  0.1950  0.9042  0.9664     NaN
RMSD =  0.0289

        A1      A2      A3      A4      A5        
V1  0.0040  0.0085  0.0260  0.5102  0.7601  0.0994
V2  0.0277  0.0572  0.1583  0.8800  0.9571  0.4371
V3  0.1187  0.2228  0.4706  0.9720  0.9906  0.7859
V4  0.2541  0.4202  0.6921  0.9887  0.9963  0.9027
V5  0.2966  0.4729  0.7357  0.9909  0.9970  0.9199
    0.0354  0.0724  0.1950  0.9042  0.9664     NaN
RMSD =  0.0289

        A1      A2      A3      A4      A5        
V1  0.0040  0.0085  0.0260  0.5102  0.7601  0.0994
V2  0.0277  0.0572  0.1583  0.8800  0.9571  0.4371
V3  0.1187  0.2228  0.4706  0.9720  0.9906  0.7859
V4  0.2541  0.4202  0.6921  0.9887  0.9963  0.9027
V5  0.2966  0.4729  0.7357  0.9909  0.9970  0.9199
    0.0354  0.0724  0.1950  0.9042  0.9664     NaN
RMSD =  0.0289

        A1      A2      A3      A4      A5        
V1  0.0040  0.0085  0.0260  0.5102  0.7601  0.0994
V2  0.0277  0.0572  0.1583  0.8800  0.9571  0.4371
V3  0.1187  0.2228  0.4706  0.9720  0.9906  0.7859
V4  0.2541  0.4202  0.6921  0.9887  0.9963  0.9027
V5  0.2966  0.4729  0.7357  0.9909  0.9970  0.9199
    0.0354  0.0724  0.1950  0.9042  0.9664     NaN
RMSD =  0.0289

        A1      A2      A3      A4      A5        
V1  0.0040  0.0085  0.0260  0.5102  0.7601  0.0994
V2  0.0277  0.0572  0.1583  0.8800  0.9571  0.4371
V3  0.1187  0.2228  0.4706  0.9720  0.9906  0.7859
V4  0.2541  0.4202  0.6921  0.9887  0.9963  0.9027
V5  0.2966  0.4729  0.7357  0.9909  0.9970  0.9199
    0.0354  0.0724  0.1950  0.9042  0.9664     NaN
RMSD =  0.0289

        A1      A2      A3      A4      A5        
V1  0.0040  0.0085  0.0260  0.5102  0.7601  0.0994
V2  0.0277  0.0572  0.1583  0.8800  0.9571  0.4371
V3  0.1187  0.2228  0.4706  0.9720  0.9906  0.7859
V4  0.2541  0.4202  0.6921  0.9887  0.9963  0.9027
V5  0.2966  0.4729  0.7357  0.9909  0.9970  0.9199
    0.0354  0.0724  0.1950  0.9042  0.9664     NaN
RMSD =  0.0289


Model Fitting Result

 active_mask: array([0, 0, 0, 0, 0, 0, 0, 0, 0, 0])
        cost: 0.014658771166358867
         fun: array([-2.53940765e-02, -3.24295284e-02,  3.50261523e-02,  3.57675241e-02,
        2.36486359e-02, -6.93598508e-02,  2.87188091e-03,  3.41036778e-02,
        2.72583988e-02,  5.00525716e-02,  1.59683222e-02,  1.14591090e-02,
        4.39759880e-02,  1.98001179e-02, -9.44339221e-05,  2.29377503e-03,
        3.28258875e-02,  4.16871213e-02, -6.99901778e-02, -1.70874020e-02,
        1.13012428e-02, -2.27710852e-02, -1.06226687e-02, -1.19557693e-02,
       -6.02963941e-04,  1.59467183e-02, -1.02152852e-02, -1.21213705e-02,
       -2.87183040e-02, -6.26259740e-03, -1.65998076e-02,  2.70539876e-02,
       -3.56778379e-02, -8.67992981e-04, -6.97913896e-03])
        grad: array([-4.13210160e-07, -2.08518086e-07,  4.89026269e-07,  3.05671361e-06,
        1.59800244e-08,  3.18424635e-06,  2.36514026e-06,  3.96578092e-07,
        6.02342437e-07,  7.77420373e-07])
         jac: array([[-1.        ,  0.        ,  0.        ,  0.        ,  0.        ,
         0.        ,  0.        ,  0.        ,  0.        ,  0.        ],
       [ 0.        , -1.        ,  0.        ,  0.        ,  0.        ,
         0.        ,  0.        ,  0.        ,  0.        ,  0.        ],
       [ 0.        ,  0.        , -1.        ,  0.        ,  0.        ,
         0.        ,  0.        ,  0.        ,  0.        ,  0.        ],
       [ 0.        ,  0.        ,  0.        , -1.        ,  0.        ,
         0.        ,  0.        ,  0.        ,  0.        ,  0.        ],
       [ 0.        ,  0.        ,  0.        ,  0.        , -1.        ,
         0.        ,  0.        ,  0.        ,  0.        ,  0.        ],
       [ 0.        ,  0.        ,  0.        ,  0.        ,  0.        ,
        -1.        ,  0.        ,  0.        ,  0.        ,  0.        ],
       [ 0.        ,  0.        ,  0.        ,  0.        ,  0.        ,
         0.        , -1.        ,  0.        ,  0.        ,  0.        ],
       [ 0.        ,  0.        ,  0.        ,  0.        ,  0.        ,
         0.        ,  0.        , -1.        ,  0.        ,  0.        ],
       [ 0.        ,  0.        ,  0.        ,  0.        ,  0.        ,
         0.        ,  0.        ,  0.        , -1.        ,  0.        ],
       [ 0.        ,  0.        ,  0.        ,  0.        ,  0.        ,
         0.        ,  0.        ,  0.        ,  0.        , -1.        ],
       [-0.11761178,  0.        ,  0.        ,  0.        ,  0.        ,
        -0.04487135,  0.        ,  0.        ,  0.        ,  0.        ],
       [ 0.        , -0.12604204,  0.        ,  0.        ,  0.        ,
        -0.09462715,  0.        ,  0.        ,  0.        ,  0.        ],
       [ 0.        ,  0.        , -0.16148648,  0.        ,  0.        ,
        -0.28324371,  0.        ,  0.        ,  0.        ,  0.        ],
       [ 0.        ,  0.        ,  0.        , -2.88576465,  0.        ,
        -2.79252439,  0.        ,  0.        ,  0.        ,  0.        ],
       [ 0.        ,  0.        ,  0.        ,  0.        , -5.60796624,
        -2.0377251 ,  0.        ,  0.        ,  0.        ,  0.        ],
       [-0.78903152,  0.        ,  0.        ,  0.        ,  0.        ,
         0.        , -0.10948549,  0.        ,  0.        ,  0.        ],
       [ 0.        , -0.80235832,  0.        ,  0.        ,  0.        ,
         0.        , -0.219085  ,  0.        ,  0.        ,  0.        ],
       [ 0.        ,  0.        , -0.848947  ,  0.        ,  0.        ,
         0.        , -0.54156256,  0.        ,  0.        ,  0.        ],
       [ 0.        ,  0.        ,  0.        , -1.2195406 ,  0.        ,
         0.        , -0.4292164 ,  0.        ,  0.        ,  0.        ],
       [ 0.        ,  0.        ,  0.        ,  0.        , -1.26308879,
         0.        , -0.16692373,  0.        ,  0.        ,  0.        ],
       [-3.06400895,  0.        ,  0.        ,  0.        ,  0.        ,
         0.        ,  0.        , -0.62170047,  0.        ,  0.        ],
       [ 0.        , -2.57718255,  0.        ,  0.        ,  0.        ,
         0.        ,  0.        , -1.02900719,  0.        ,  0.        ],
       [ 0.        ,  0.        , -1.58727369,  0.        ,  0.        ,
         0.        ,  0.        , -1.48063772,  0.        ,  0.        ],
       [ 0.        ,  0.        ,  0.        , -0.3147688 ,  0.        ,
         0.        ,  0.        , -0.16199464,  0.        ,  0.        ],
       [ 0.        ,  0.        ,  0.        ,  0.        , -0.286278  ,
         0.        ,  0.        , -0.05532241,  0.        ,  0.        ],
       [-5.55075509,  0.        ,  0.        ,  0.        ,  0.        ,
         0.        ,  0.        ,  0.        , -2.15845049,  0.        ],
       [ 0.        , -3.62640247,  0.        ,  0.        ,  0.        ,
         0.        ,  0.        ,  0.        , -2.77490469,  0.        ],
       [ 0.        ,  0.        , -1.35761127,  0.        ,  0.        ,
         0.        ,  0.        ,  0.        , -2.42700823,  0.        ],
       [ 0.        ,  0.        ,  0.        , -0.12880971,  0.        ,
         0.        ,  0.        ,  0.        , -0.12704465,  0.        ],
       [ 0.        ,  0.        ,  0.        ,  0.        , -0.11450942,
         0.        ,  0.        ,  0.        , -0.04240853,  0.        ],
       [-6.11072569,  0.        ,  0.        ,  0.        ,  0.        ,
         0.        ,  0.        ,  0.        ,  0.        , -2.83292518],
       [ 0.        , -3.71025758,  0.        ,  0.        ,  0.        ,
         0.        ,  0.        ,  0.        ,  0.        , -3.38476416],
       [ 0.        ,  0.        , -1.23889608,  0.        ,  0.        ,
         0.        ,  0.        ,  0.        ,  0.        , -2.64048053],
       [ 0.        ,  0.        ,  0.        , -0.10449215,  0.        ,
         0.        ,  0.        ,  0.        ,  0.        , -0.12286939],
       [ 0.        ,  0.        ,  0.        ,  0.        , -0.09262203,
         0.        ,  0.        ,  0.        ,  0.        , -0.04089578]])
     message: '`ftol` termination condition is satisfied.'
        nfev: 8
        njev: 8
  optimality: 2.763979719842445e-06
      status: 2
     success: True
           x: array([0.03539408, 0.07242953, 0.19497385, 0.90423248, 0.96635136,
       0.09935985, 0.43712812, 0.78589632, 0.9027416 , 0.91994743])

        A1      A2      A3      A4      A5        
V1  0.0040  0.0085  0.0260  0.5102  0.7601  0.0994
V2  0.0277  0.0572  0.1583  0.8800  0.9571  0.4371
V3  0.1187  0.2228  0.4706  0.9720  0.9906  0.7859
V4  0.2541  0.4202  0.6921  0.9887  0.9963  0.9027
V5  0.2966  0.4729  0.7357  0.9909  0.9970  0.9199
    0.0354  0.0724  0.1950  0.9042  0.9664     NaN

Optimal Parameters

Auditory [0.0354, 0.0724, 0.195, 0.9042, 0.9664]
Visual [0.0994, 0.4371, 0.7859, 0.9027, 0.9199]
