       A1     A2     A3     A4     A5      
V1  0.020  0.035  0.130  0.485  0.510  0.03
V2  0.225  0.240  0.335  0.690  0.715  0.44
V3  0.415  0.430  0.525  0.880  0.905  0.82
V4  0.470  0.485  0.580  0.935  0.960  0.93
V5  0.490  0.505  0.600  0.955  0.980  0.97
    0.010  0.040  0.230  0.940  0.990   NaN
RMSD =  0.1151

       A1     A2     A3     A4     A5      
V1  0.020  0.035  0.130  0.485  0.510  0.03
V2  0.225  0.240  0.335  0.690  0.715  0.44
V3  0.415  0.430  0.525  0.880  0.905  0.82
V4  0.470  0.485  0.580  0.935  0.960  0.93
V5  0.490  0.505  0.600  0.955  0.980  0.97
    0.010  0.040  0.230  0.940  0.990   NaN
RMSD =  0.1151

       A1     A2     A3     A4     A5      
V1  0.020  0.035  0.130  0.485  0.510  0.03
V2  0.225  0.240  0.335  0.690  0.715  0.44
V3  0.415  0.430  0.525  0.880  0.905  0.82
V4  0.470  0.485  0.580  0.935  0.960  0.93
V5  0.490  0.505  0.600  0.955  0.980  0.97
    0.010  0.040  0.230  0.940  0.990   NaN
RMSD =  0.1151

       A1     A2     A3     A4     A5      
V1  0.020  0.035  0.130  0.485  0.510  0.03
V2  0.225  0.240  0.335  0.690  0.715  0.44
V3  0.415  0.430  0.525  0.880  0.905  0.82
V4  0.470  0.485  0.580  0.935  0.960  0.93
V5  0.490  0.505  0.600  0.955  0.980  0.97
    0.010  0.040  0.230  0.940  0.990   NaN
RMSD =  0.1151

       A1     A2     A3     A4     A5      
V1  0.020  0.035  0.130  0.485  0.510  0.03
V2  0.225  0.240  0.335  0.690  0.715  0.44
V3  0.415  0.430  0.525  0.880  0.905  0.82
V4  0.470  0.485  0.580  0.935  0.960  0.93
V5  0.490  0.505  0.600  0.955  0.980  0.97
    0.010  0.040  0.230  0.940  0.990   NaN
RMSD =  0.1151

       A1     A2     A3     A4     A5      
V1  0.020  0.035  0.130  0.485  0.510  0.03
V2  0.225  0.240  0.335  0.690  0.715  0.44
V3  0.415  0.430  0.525  0.880  0.905  0.82
V4  0.470  0.485  0.580  0.935  0.960  0.93
V5  0.490  0.505  0.600  0.955  0.980  0.97
    0.010  0.040  0.230  0.940  0.990   NaN
RMSD =  0.1151

       A1     A2     A3     A4     A5      
V1  0.020  0.035  0.130  0.485  0.510  0.03
V2  0.225  0.240  0.335  0.690  0.715  0.44
V3  0.415  0.430  0.525  0.880  0.905  0.82
V4  0.470  0.485  0.580  0.935  0.960  0.93
V5  0.490  0.505  0.600  0.955  0.980  0.97
    0.010  0.040  0.230  0.940  0.990   NaN
RMSD =  0.1151

       A1     A2     A3     A4     A5      
V1  0.020  0.035  0.130  0.485  0.510  0.03
V2  0.225  0.240  0.335  0.690  0.715  0.44
V3  0.415  0.430  0.525  0.880  0.905  0.82
V4  0.470  0.485  0.580  0.935  0.960  0.93
V5  0.490  0.505  0.600  0.955  0.980  0.97
    0.010  0.040  0.230  0.940  0.990   NaN
RMSD =  0.1151

       A1     A2     A3     A4     A5      
V1  0.020  0.035  0.130  0.485  0.510  0.03
V2  0.225  0.240  0.335  0.690  0.715  0.44
V3  0.415  0.430  0.525  0.880  0.905  0.82
V4  0.470  0.485  0.580  0.935  0.960  0.93
V5  0.490  0.505  0.600  0.955  0.980  0.97
    0.010  0.040  0.230  0.940  0.990   NaN
RMSD =  0.1151

       A1     A2     A3     A4     A5      
V1  0.020  0.035  0.130  0.485  0.510  0.03
V2  0.225  0.240  0.335  0.690  0.715  0.44
V3  0.415  0.430  0.525  0.880  0.905  0.82
V4  0.470  0.485  0.580  0.935  0.960  0.93
V5  0.490  0.505  0.600  0.955  0.980  0.97
    0.010  0.040  0.230  0.940  0.990   NaN
RMSD =  0.1151

       A1     A2     A3     A4     A5      
V1  0.020  0.035  0.130  0.485  0.510  0.03
V2  0.225  0.240  0.335  0.690  0.715  0.44
V3  0.415  0.430  0.525  0.880  0.905  0.82
V4  0.470  0.485  0.580  0.935  0.960  0.93
V5  0.490  0.505  0.600  0.955  0.980  0.97
    0.010  0.040  0.230  0.940  0.990   NaN
RMSD =  0.1151

       A1     A2     A3     A4     A5      
V1  0.020  0.035  0.130  0.485  0.510  0.03
V2  0.225  0.240  0.335  0.690  0.715  0.44
V3  0.415  0.430  0.525  0.880  0.905  0.82
V4  0.470  0.485  0.580  0.935  0.960  0.93
V5  0.490  0.505  0.600  0.955  0.980  0.97
    0.010  0.040  0.230  0.940  0.990   NaN
RMSD =  0.1151

        A1      A2      A3      A4      A5        
V1  0.0111  0.0283  0.1714  0.5916  0.6178  0.0211
V2  0.1613  0.1785  0.3216  0.7418  0.7680  0.4084
V3  0.3049  0.3222  0.4653  0.8855  0.9116  0.7786
V4  0.3751  0.3924  0.5355  0.9557  0.9818  0.9596
V5  0.3848  0.4021  0.5452  0.9654  0.9915  0.9847
    0.0047  0.0329  0.2667  0.9532  0.9959     NaN
RMSD =  0.0852

        A1      A2      A3      A4      A5        
V1  0.0111  0.0283  0.1714  0.5916  0.6178  0.0211
V2  0.1613  0.1785  0.3216  0.7418  0.7680  0.4084
V3  0.3049  0.3222  0.4653  0.8855  0.9116  0.7786
V4  0.3751  0.3924  0.5355  0.9557  0.9818  0.9596
V5  0.3848  0.4021  0.5452  0.9654  0.9915  0.9847
    0.0047  0.0329  0.2667  0.9532  0.9959     NaN
RMSD =  0.0852

        A1      A2      A3      A4      A5        
V1  0.0111  0.0283  0.1714  0.5916  0.6178  0.0211
V2  0.1613  0.1785  0.3216  0.7418  0.7680  0.4084
V3  0.3049  0.3222  0.4653  0.8855  0.9116  0.7786
V4  0.3751  0.3924  0.5355  0.9557  0.9818  0.9596
V5  0.3848  0.4021  0.5452  0.9654  0.9915  0.9847
    0.0047  0.0329  0.2667  0.9532  0.9959     NaN
RMSD =  0.0852

        A1      A2      A3      A4      A5        
V1  0.0111  0.0283  0.1714  0.5916  0.6178  0.0211
V2  0.1613  0.1785  0.3216  0.7418  0.7680  0.4084
V3  0.3049  0.3222  0.4653  0.8855  0.9116  0.7786
V4  0.3751  0.3924  0.5355  0.9557  0.9818  0.9596
V5  0.3848  0.4021  0.5452  0.9654  0.9915  0.9847
    0.0047  0.0329  0.2667  0.9532  0.9959     NaN
RMSD =  0.0852

        A1      A2      A3      A4      A5        
V1  0.0111  0.0283  0.1714  0.5916  0.6178  0.0211
V2  0.1613  0.1785  0.3216  0.7418  0.7680  0.4084
V3  0.3049  0.3222  0.4653  0.8855  0.9116  0.7786
V4  0.3751  0.3924  0.5355  0.9557  0.9818  0.9596
V5  0.3848  0.4021  0.5452  0.9654  0.9915  0.9847
    0.0047  0.0329  0.2667  0.9532  0.9959     NaN
RMSD =  0.0852

        A1      A2      A3      A4      A5        
V1  0.0111  0.0283  0.1714  0.5916  0.6178  0.0211
V2  0.1613  0.1785  0.3216  0.7418  0.7680  0.4084
V3  0.3049  0.3222  0.4653  0.8855  0.9116  0.7786
V4  0.3751  0.3924  0.5355  0.9557  0.9818  0.9596
V5  0.3848  0.4021  0.5452  0.9654  0.9915  0.9847
    0.0047  0.0329  0.2667  0.9532  0.9959     NaN
RMSD =  0.0852

        A1      A2      A3      A4      A5        
V1  0.0111  0.0283  0.1714  0.5916  0.6178  0.0211
V2  0.1613  0.1785  0.3216  0.7418  0.7680  0.4084
V3  0.3049  0.3222  0.4653  0.8855  0.9116  0.7786
V4  0.3751  0.3924  0.5355  0.9557  0.9818  0.9596
V5  0.3848  0.4021  0.5452  0.9654  0.9915  0.9847
    0.0047  0.0329  0.2667  0.9532  0.9959     NaN
RMSD =  0.0852

        A1      A2      A3      A4      A5        
V1  0.0111  0.0283  0.1714  0.5916  0.6178  0.0211
V2  0.1613  0.1785  0.3216  0.7418  0.7680  0.4084
V3  0.3049  0.3222  0.4653  0.8855  0.9116  0.7786
V4  0.3751  0.3924  0.5355  0.9557  0.9818  0.9596
V5  0.3848  0.4021  0.5452  0.9654  0.9915  0.9847
    0.0047  0.0329  0.2667  0.9532  0.9959     NaN
RMSD =  0.0852

        A1      A2      A3      A4      A5        
V1  0.0111  0.0283  0.1714  0.5916  0.6178  0.0211
V2  0.1613  0.1785  0.3216  0.7418  0.7680  0.4084
V3  0.3049  0.3222  0.4653  0.8855  0.9116  0.7786
V4  0.3751  0.3924  0.5355  0.9557  0.9818  0.9596
V5  0.3848  0.4021  0.5452  0.9654  0.9915  0.9847
    0.0047  0.0329  0.2667  0.9532  0.9959     NaN
RMSD =  0.0852

        A1      A2      A3      A4      A5        
V1  0.0111  0.0283  0.1714  0.5916  0.6178  0.0211
V2  0.1613  0.1785  0.3216  0.7418  0.7680  0.4084
V3  0.3049  0.3222  0.4653  0.8855  0.9116  0.7786
V4  0.3751  0.3924  0.5355  0.9557  0.9818  0.9596
V5  0.3848  0.4021  0.5452  0.9654  0.9915  0.9847
    0.0047  0.0329  0.2667  0.9532  0.9959     NaN
RMSD =  0.0852

        A1      A2      A3      A4      A5        
V1  0.0111  0.0283  0.1714  0.5916  0.6178  0.0211
V2  0.1613  0.1785  0.3216  0.7418  0.7680  0.4084
V3  0.3049  0.3222  0.4653  0.8855  0.9116  0.7786
V4  0.3751  0.3924  0.5355  0.9557  0.9818  0.9596
V5  0.3848  0.4021  0.5452  0.9654  0.9915  0.9847
    0.0047  0.0329  0.2667  0.9532  0.9959     NaN
RMSD =  0.0852

        A1      A2      A3      A4      A5        
V1  0.0111  0.0283  0.1714  0.5916  0.6178  0.0211
V2  0.1613  0.1785  0.3216  0.7418  0.7680  0.4084
V3  0.3049  0.3222  0.4653  0.8855  0.9116  0.7786
V4  0.3751  0.3924  0.5355  0.9557  0.9818  0.9596
V5  0.3848  0.4021  0.5452  0.9654  0.9915  0.9847
    0.0047  0.0329  0.2667  0.9532  0.9959     NaN
RMSD =  0.0852

        A1      A2      A3      A4      A5        
V1  0.0016  0.0231  0.1833  0.6203  0.6471  0.0023
V2  0.1419  0.1634  0.3236  0.7606  0.7874  0.3996
V3  0.2759  0.2974  0.4576  0.8946  0.9214  0.7790
V4  0.3450  0.3665  0.5267  0.9637  0.9905  0.9748
V5  0.3537  0.3752  0.5354  0.9724  0.9992  0.9993
    0.0012  0.0344  0.2821  0.9577  0.9991     NaN
RMSD =  0.0823

        A1      A2      A3      A4      A5        
V1  0.0016  0.0231  0.1833  0.6203  0.6471  0.0023
V2  0.1419  0.1634  0.3236  0.7606  0.7874  0.3996
V3  0.2759  0.2974  0.4576  0.8946  0.9214  0.7790
V4  0.3450  0.3665  0.5267  0.9637  0.9905  0.9748
V5  0.3537  0.3752  0.5354  0.9724  0.9992  0.9993
    0.0012  0.0344  0.2821  0.9577  0.9991     NaN
RMSD =  0.0823

        A1      A2      A3      A4      A5        
V1  0.0016  0.0231  0.1833  0.6203  0.6471  0.0023
V2  0.1419  0.1634  0.3236  0.7606  0.7874  0.3996
V3  0.2759  0.2974  0.4576  0.8946  0.9214  0.7790
V4  0.3450  0.3665  0.5267  0.9637  0.9905  0.9748
V5  0.3537  0.3752  0.5354  0.9724  0.9992  0.9993
    0.0012  0.0344  0.2821  0.9577  0.9991     NaN
RMSD =  0.0823

        A1      A2      A3      A4      A5        
V1  0.0016  0.0231  0.1833  0.6203  0.6471  0.0023
V2  0.1419  0.1634  0.3236  0.7606  0.7874  0.3996
V3  0.2759  0.2974  0.4576  0.8946  0.9214  0.7790
V4  0.3450  0.3665  0.5267  0.9637  0.9905  0.9748
V5  0.3537  0.3752  0.5354  0.9724  0.9992  0.9993
    0.0012  0.0344  0.2821  0.9577  0.9991     NaN
RMSD =  0.0823

        A1      A2      A3      A4      A5        
V1  0.0016  0.0231  0.1833  0.6203  0.6471  0.0023
V2  0.1419  0.1634  0.3236  0.7606  0.7874  0.3996
V3  0.2759  0.2974  0.4576  0.8946  0.9214  0.7790
V4  0.3450  0.3665  0.5267  0.9637  0.9905  0.9748
V5  0.3537  0.3752  0.5354  0.9724  0.9992  0.9993
    0.0012  0.0344  0.2821  0.9577  0.9991     NaN
RMSD =  0.0823

        A1      A2      A3      A4      A5        
V1  0.0016  0.0231  0.1833  0.6203  0.6471  0.0023
V2  0.1419  0.1634  0.3236  0.7606  0.7874  0.3996
V3  0.2759  0.2974  0.4576  0.8946  0.9214  0.7790
V4  0.3450  0.3665  0.5267  0.9637  0.9905  0.9748
V5  0.3537  0.3752  0.5354  0.9724  0.9992  0.9993
    0.0012  0.0344  0.2821  0.9577  0.9991     NaN
RMSD =  0.0823

        A1      A2      A3      A4      A5        
V1  0.0016  0.0231  0.1833  0.6203  0.6471  0.0023
V2  0.1419  0.1634  0.3236  0.7606  0.7874  0.3996
V3  0.2759  0.2974  0.4576  0.8946  0.9214  0.7790
V4  0.3450  0.3665  0.5267  0.9637  0.9905  0.9748
V5  0.3537  0.3752  0.5354  0.9724  0.9992  0.9993
    0.0012  0.0344  0.2821  0.9577  0.9991     NaN
RMSD =  0.0823

        A1      A2      A3      A4      A5        
V1  0.0016  0.0231  0.1833  0.6203  0.6471  0.0023
V2  0.1419  0.1634  0.3236  0.7606  0.7874  0.3996
V3  0.2759  0.2974  0.4576  0.8946  0.9214  0.7790
V4  0.3450  0.3665  0.5267  0.9637  0.9905  0.9748
V5  0.3537  0.3752  0.5354  0.9724  0.9992  0.9993
    0.0012  0.0344  0.2821  0.9577  0.9991     NaN
RMSD =  0.0823

        A1      A2      A3      A4      A5        
V1  0.0016  0.0231  0.1833  0.6203  0.6471  0.0023
V2  0.1419  0.1634  0.3236  0.7606  0.7874  0.3996
V3  0.2759  0.2974  0.4576  0.8946  0.9214  0.7790
V4  0.3450  0.3665  0.5267  0.9637  0.9905  0.9748
V5  0.3537  0.3752  0.5354  0.9724  0.9992  0.9993
    0.0012  0.0344  0.2821  0.9577  0.9991     NaN
RMSD =  0.0823

        A1      A2      A3      A4      A5        
V1  0.0016  0.0231  0.1833  0.6203  0.6471  0.0023
V2  0.1419  0.1634  0.3236  0.7606  0.7874  0.3996
V3  0.2759  0.2974  0.4576  0.8946  0.9214  0.7790
V4  0.3450  0.3665  0.5267  0.9637  0.9905  0.9748
V5  0.3537  0.3752  0.5354  0.9724  0.9992  0.9993
    0.0012  0.0344  0.2821  0.9577  0.9991     NaN
RMSD =  0.0823

        A1      A2      A3      A4      A5        
V1  0.0016  0.0231  0.1833  0.6203  0.6471  0.0023
V2  0.1419  0.1634  0.3236  0.7606  0.7874  0.3996
V3  0.2759  0.2974  0.4576  0.8946  0.9214  0.7790
V4  0.3450  0.3665  0.5267  0.9637  0.9905  0.9748
V5  0.3537  0.3752  0.5354  0.9724  0.9992  0.9993
    0.0012  0.0344  0.2821  0.9577  0.9991     NaN
RMSD =  0.0823

        A1      A2      A3      A4      A5        
V1  0.0016  0.0231  0.1833  0.6203  0.6471  0.0023
V2  0.1419  0.1634  0.3236  0.7606  0.7874  0.3996
V3  0.2759  0.2974  0.4576  0.8946  0.9214  0.7790
V4  0.3450  0.3665  0.5267  0.9637  0.9905  0.9748
V5  0.3537  0.3752  0.5354  0.9724  0.9992  0.9993
    0.0012  0.0344  0.2821  0.9577  0.9991     NaN
RMSD =  0.0823

        A1      A2      A3      A4      A5        
V1  0.0004  0.0241  0.1845  0.6232  0.6498  0.0010
V2  0.1404  0.1641  0.3245  0.7632  0.7898  0.4004
V3  0.2739  0.2976  0.4580  0.8966  0.9233  0.7813
V4  0.3413  0.3650  0.5254  0.9641  0.9907  0.9736
V5  0.3505  0.3743  0.5347  0.9733  1.0000  1.0000
    0.0001  0.0366  0.2836  0.9589  1.0000     NaN
RMSD =  0.0822

        A1      A2      A3      A4      A5        
V1  0.0004  0.0241  0.1845  0.6232  0.6498  0.0010
V2  0.1404  0.1641  0.3245  0.7632  0.7898  0.4004
V3  0.2739  0.2976  0.4580  0.8966  0.9233  0.7813
V4  0.3413  0.3650  0.5254  0.9641  0.9907  0.9736
V5  0.3505  0.3743  0.5347  0.9733  1.0000  1.0000
    0.0001  0.0366  0.2836  0.9589  1.0000     NaN
RMSD =  0.0822

        A1      A2      A3      A4      A5        
V1  0.0004  0.0241  0.1845  0.6232  0.6498  0.0010
V2  0.1404  0.1641  0.3245  0.7632  0.7898  0.4004
V3  0.2739  0.2976  0.4580  0.8966  0.9233  0.7813
V4  0.3413  0.3650  0.5254  0.9641  0.9907  0.9736
V5  0.3505  0.3743  0.5347  0.9733  1.0000  1.0000
    0.0001  0.0366  0.2836  0.9589  1.0000     NaN
RMSD =  0.0822

        A1      A2      A3      A4      A5        
V1  0.0004  0.0241  0.1845  0.6232  0.6498  0.0010
V2  0.1404  0.1641  0.3245  0.7632  0.7898  0.4004
V3  0.2739  0.2976  0.4580  0.8966  0.9233  0.7813
V4  0.3413  0.3650  0.5254  0.9641  0.9907  0.9736
V5  0.3505  0.3743  0.5347  0.9733  1.0000  1.0000
    0.0001  0.0366  0.2836  0.9589  1.0000     NaN
RMSD =  0.0822

        A1      A2      A3      A4      A5        
V1  0.0004  0.0241  0.1845  0.6232  0.6498  0.0010
V2  0.1404  0.1641  0.3245  0.7632  0.7898  0.4004
V3  0.2739  0.2976  0.4580  0.8966  0.9233  0.7813
V4  0.3413  0.3650  0.5254  0.9641  0.9907  0.9736
V5  0.3505  0.3743  0.5347  0.9733  1.0000  1.0000
    0.0001  0.0366  0.2836  0.9589  1.0000     NaN
RMSD =  0.0822

        A1      A2      A3      A4      A5        
V1  0.0004  0.0241  0.1845  0.6232  0.6498  0.0010
V2  0.1404  0.1641  0.3245  0.7632  0.7898  0.4004
V3  0.2739  0.2976  0.4580  0.8966  0.9233  0.7813
V4  0.3413  0.3650  0.5254  0.9641  0.9907  0.9736
V5  0.3505  0.3743  0.5347  0.9733  1.0000  1.0000
    0.0001  0.0366  0.2836  0.9589  1.0000     NaN
RMSD =  0.0822

        A1      A2      A3      A4      A5        
V1  0.0004  0.0241  0.1845  0.6232  0.6498  0.0010
V2  0.1404  0.1641  0.3245  0.7632  0.7898  0.4004
V3  0.2739  0.2976  0.4580  0.8966  0.9233  0.7813
V4  0.3413  0.3650  0.5254  0.9641  0.9907  0.9736
V5  0.3505  0.3743  0.5347  0.9733  1.0000  1.0000
    0.0001  0.0366  0.2836  0.9589  1.0000     NaN
RMSD =  0.0822

        A1      A2      A3      A4      A5        
V1  0.0004  0.0241  0.1845  0.6232  0.6498  0.0010
V2  0.1404  0.1641  0.3245  0.7632  0.7898  0.4004
V3  0.2739  0.2976  0.4580  0.8966  0.9233  0.7813
V4  0.3413  0.3650  0.5254  0.9641  0.9907  0.9736
V5  0.3505  0.3743  0.5347  0.9733  1.0000  1.0000
    0.0001  0.0366  0.2836  0.9589  1.0000     NaN
RMSD =  0.0822

        A1      A2      A3      A4      A5        
V1  0.0004  0.0241  0.1845  0.6232  0.6498  0.0010
V2  0.1404  0.1641  0.3245  0.7632  0.7898  0.4004
V3  0.2739  0.2976  0.4580  0.8966  0.9233  0.7813
V4  0.3413  0.3650  0.5254  0.9641  0.9907  0.9736
V5  0.3505  0.3743  0.5347  0.9733  1.0000  1.0000
    0.0001  0.0366  0.2836  0.9589  1.0000     NaN
RMSD =  0.0822

        A1      A2      A3      A4      A5        
V1  0.0004  0.0241  0.1845  0.6232  0.6498  0.0010
V2  0.1404  0.1641  0.3245  0.7632  0.7898  0.4004
V3  0.2739  0.2976  0.4580  0.8966  0.9233  0.7813
V4  0.3413  0.3650  0.5254  0.9641  0.9907  0.9736
V5  0.3505  0.3743  0.5347  0.9733  1.0000  1.0000
    0.0001  0.0366  0.2836  0.9589  1.0000     NaN
RMSD =  0.0822

        A1      A2      A3      A4      A5        
V1  0.0004  0.0241  0.1845  0.6232  0.6498  0.0010
V2  0.1404  0.1641  0.3245  0.7632  0.7898  0.4004
V3  0.2739  0.2976  0.4580  0.8966  0.9233  0.7813
V4  0.3413  0.3650  0.5254  0.9641  0.9907  0.9736
V5  0.3505  0.3743  0.5347  0.9733  1.0000  1.0000
    0.0001  0.0366  0.2836  0.9589  1.0000     NaN
RMSD =  0.0822

        A1      A2      A3      A4      A5        
V1  0.0004  0.0241  0.1845  0.6232  0.6498  0.0010
V2  0.1404  0.1641  0.3245  0.7632  0.7898  0.4004
V3  0.2739  0.2976  0.4580  0.8966  0.9233  0.7813
V4  0.3413  0.3650  0.5254  0.9641  0.9907  0.9736
V5  0.3505  0.3743  0.5347  0.9733  1.0000  1.0000
    0.0001  0.0366  0.2836  0.9589  1.0000     NaN
RMSD =  0.0822

        A1      A2      A3      A4      A5        
V1  0.0004  0.0242  0.1847  0.6234  0.6500  0.0010
V2  0.1403  0.1642  0.3246  0.7633  0.7900  0.4006
V3  0.2738  0.2976  0.4581  0.8968  0.9235  0.7815
V4  0.3410  0.3649  0.5253  0.9640  0.9907  0.9735
V5  0.3503  0.3742  0.5346  0.9733  1.0000  1.0000
    0.0000  0.0367  0.2837  0.9589  1.0000     NaN
RMSD =  0.0821

        A1      A2      A3      A4      A5        
V1  0.0004  0.0242  0.1847  0.6234  0.6500  0.0010
V2  0.1403  0.1642  0.3246  0.7633  0.7900  0.4006
V3  0.2738  0.2976  0.4581  0.8968  0.9235  0.7815
V4  0.3410  0.3649  0.5253  0.9640  0.9907  0.9735
V5  0.3503  0.3742  0.5346  0.9733  1.0000  1.0000
    0.0000  0.0367  0.2837  0.9589  1.0000     NaN
RMSD =  0.0821

        A1      A2      A3      A4      A5        
V1  0.0004  0.0242  0.1847  0.6234  0.6500  0.0010
V2  0.1403  0.1642  0.3246  0.7633  0.7900  0.4006
V3  0.2738  0.2976  0.4581  0.8968  0.9235  0.7815
V4  0.3410  0.3649  0.5253  0.9640  0.9907  0.9735
V5  0.3503  0.3742  0.5346  0.9733  1.0000  1.0000
    0.0000  0.0367  0.2837  0.9589  1.0000     NaN
RMSD =  0.0821

        A1      A2      A3      A4      A5        
V1  0.0004  0.0242  0.1847  0.6234  0.6500  0.0010
V2  0.1403  0.1642  0.3246  0.7633  0.7900  0.4006
V3  0.2738  0.2976  0.4581  0.8968  0.9235  0.7815
V4  0.3410  0.3649  0.5253  0.9640  0.9907  0.9735
V5  0.3503  0.3742  0.5346  0.9733  1.0000  1.0000
    0.0000  0.0367  0.2837  0.9589  1.0000     NaN
RMSD =  0.0821

        A1      A2      A3      A4      A5        
V1  0.0004  0.0242  0.1847  0.6234  0.6500  0.0010
V2  0.1403  0.1642  0.3246  0.7633  0.7900  0.4006
V3  0.2738  0.2976  0.4581  0.8968  0.9235  0.7815
V4  0.3410  0.3649  0.5253  0.9640  0.9907  0.9735
V5  0.3503  0.3742  0.5346  0.9733  1.0000  1.0000
    0.0000  0.0367  0.2837  0.9589  1.0000     NaN
RMSD =  0.0821

        A1      A2      A3      A4      A5        
V1  0.0004  0.0242  0.1847  0.6234  0.6500  0.0010
V2  0.1403  0.1642  0.3246  0.7633  0.7900  0.4006
V3  0.2738  0.2976  0.4581  0.8968  0.9235  0.7815
V4  0.3410  0.3649  0.5253  0.9640  0.9907  0.9735
V5  0.3503  0.3742  0.5346  0.9733  1.0000  1.0000
    0.0000  0.0367  0.2837  0.9589  1.0000     NaN
RMSD =  0.0821

        A1      A2      A3      A4      A5        
V1  0.0004  0.0242  0.1847  0.6234  0.6500  0.0010
V2  0.1403  0.1642  0.3246  0.7633  0.7900  0.4006
V3  0.2738  0.2976  0.4581  0.8968  0.9235  0.7815
V4  0.3410  0.3649  0.5253  0.9640  0.9907  0.9735
V5  0.3503  0.3742  0.5346  0.9733  1.0000  1.0000
    0.0000  0.0367  0.2837  0.9589  1.0000     NaN
RMSD =  0.0821

        A1      A2      A3      A4      A5        
V1  0.0004  0.0242  0.1847  0.6234  0.6500  0.0010
V2  0.1403  0.1642  0.3246  0.7633  0.7900  0.4006
V3  0.2738  0.2976  0.4581  0.8968  0.9235  0.7815
V4  0.3410  0.3649  0.5253  0.9640  0.9907  0.9735
V5  0.3503  0.3742  0.5346  0.9733  1.0000  1.0000
    0.0000  0.0367  0.2837  0.9589  1.0000     NaN
RMSD =  0.0821

        A1      A2      A3      A4      A5        
V1  0.0004  0.0242  0.1847  0.6234  0.6500  0.0010
V2  0.1403  0.1642  0.3246  0.7633  0.7900  0.4006
V3  0.2738  0.2976  0.4581  0.8968  0.9235  0.7815
V4  0.3410  0.3649  0.5253  0.9640  0.9907  0.9735
V5  0.3503  0.3742  0.5346  0.9733  1.0000  1.0000
    0.0000  0.0367  0.2837  0.9589  1.0000     NaN
RMSD =  0.0821

        A1      A2      A3      A4      A5        
V1  0.0004  0.0242  0.1847  0.6234  0.6500  0.0010
V2  0.1403  0.1642  0.3246  0.7633  0.7900  0.4006
V3  0.2738  0.2976  0.4581  0.8968  0.9235  0.7815
V4  0.3410  0.3649  0.5253  0.9640  0.9907  0.9735
V5  0.3503  0.3742  0.5346  0.9733  1.0000  1.0000
    0.0000  0.0367  0.2837  0.9589  1.0000     NaN
RMSD =  0.0821

        A1      A2      A3      A4      A5        
V1  0.0004  0.0242  0.1847  0.6234  0.6500  0.0010
V2  0.1403  0.1642  0.3246  0.7633  0.7900  0.4006
V3  0.2738  0.2976  0.4581  0.8968  0.9235  0.7815
V4  0.3410  0.3649  0.5253  0.9640  0.9907  0.9735
V5  0.3503  0.3742  0.5346  0.9733  1.0000  1.0000
    0.0000  0.0367  0.2837  0.9589  1.0000     NaN
RMSD =  0.0821

        A1      A2      A3      A4      A5        
V1  0.0004  0.0242  0.1847  0.6234  0.6500  0.0010
V2  0.1403  0.1642  0.3246  0.7633  0.7900  0.4006
V3  0.2738  0.2976  0.4581  0.8968  0.9235  0.7815
V4  0.3410  0.3649  0.5253  0.9640  0.9907  0.9735
V5  0.3503  0.3742  0.5346  0.9733  1.0000  1.0000
    0.0000  0.0367  0.2837  0.9589  1.0000     NaN
RMSD =  0.0821

        A1      A2      A3      A4      A5        
V1  0.0004  0.0242  0.1847  0.6234  0.6500  0.0010
V2  0.1403  0.1642  0.3246  0.7633  0.7900  0.4006
V3  0.2738  0.2976  0.4581  0.8968  0.9235  0.7815
V4  0.3410  0.3649  0.5253  0.9640  0.9907  0.9735
V5  0.3503  0.3742  0.5346  0.9733  1.0000  1.0000
    0.0000  0.0367  0.2837  0.9589  1.0000     NaN
RMSD =  0.0821

        A1      A2      A3      A4      A5        
V1  0.0004  0.0242  0.1847  0.6234  0.6500  0.0010
V2  0.1403  0.1642  0.3246  0.7633  0.7900  0.4006
V3  0.2738  0.2976  0.4581  0.8968  0.9235  0.7815
V4  0.3410  0.3649  0.5253  0.9640  0.9907  0.9735
V5  0.3503  0.3742  0.5346  0.9733  1.0000  1.0000
    0.0000  0.0367  0.2837  0.9589  1.0000     NaN
RMSD =  0.0821

        A1      A2      A3      A4      A5        
V1  0.0004  0.0242  0.1847  0.6234  0.6500  0.0010
V2  0.1403  0.1642  0.3246  0.7633  0.7900  0.4006
V3  0.2738  0.2976  0.4581  0.8968  0.9235  0.7815
V4  0.3410  0.3649  0.5253  0.9640  0.9907  0.9735
V5  0.3503  0.3742  0.5346  0.9733  1.0000  1.0000
    0.0000  0.0367  0.2837  0.9589  1.0000     NaN
RMSD =  0.0821

        A1      A2      A3      A4      A5        
V1  0.0004  0.0242  0.1847  0.6234  0.6500  0.0010
V2  0.1403  0.1642  0.3246  0.7633  0.7900  0.4006
V3  0.2738  0.2976  0.4581  0.8968  0.9235  0.7815
V4  0.3410  0.3649  0.5253  0.9640  0.9907  0.9735
V5  0.3503  0.3742  0.5346  0.9733  1.0000  1.0000
    0.0000  0.0367  0.2837  0.9589  1.0000     NaN
RMSD =  0.0821

        A1      A2      A3      A4      A5        
V1  0.0004  0.0242  0.1847  0.6234  0.6500  0.0010
V2  0.1403  0.1642  0.3246  0.7633  0.7900  0.4006
V3  0.2738  0.2976  0.4581  0.8968  0.9235  0.7815
V4  0.3410  0.3649  0.5253  0.9640  0.9907  0.9735
V5  0.3503  0.3742  0.5346  0.9733  1.0000  1.0000
    0.0000  0.0367  0.2837  0.9589  1.0000     NaN
RMSD =  0.0821

        A1      A2      A3      A4      A5        
V1  0.0004  0.0242  0.1847  0.6234  0.6500  0.0010
V2  0.1403  0.1642  0.3246  0.7633  0.7900  0.4006
V3  0.2738  0.2976  0.4581  0.8968  0.9235  0.7815
V4  0.3410  0.3649  0.5253  0.9640  0.9907  0.9735
V5  0.3503  0.3742  0.5346  0.9733  1.0000  1.0000
    0.0000  0.0367  0.2837  0.9589  1.0000     NaN
RMSD =  0.0821

        A1      A2      A3      A4      A5        
V1  0.0004  0.0242  0.1847  0.6234  0.6500  0.0010
V2  0.1403  0.1642  0.3246  0.7633  0.7900  0.4006
V3  0.2738  0.2976  0.4581  0.8968  0.9235  0.7815
V4  0.3410  0.3649  0.5253  0.9640  0.9907  0.9735
V5  0.3503  0.3742  0.5346  0.9733  1.0000  1.0000
    0.0000  0.0367  0.2837  0.9589  1.0000     NaN
RMSD =  0.0821

        A1      A2      A3      A4      A5        
V1  0.0004  0.0242  0.1847  0.6234  0.6500  0.0010
V2  0.1403  0.1642  0.3246  0.7633  0.7900  0.4006
V3  0.2738  0.2976  0.4581  0.8968  0.9235  0.7815
V4  0.3410  0.3649  0.5253  0.9640  0.9907  0.9735
V5  0.3503  0.3742  0.5346  0.9733  1.0000  1.0000
    0.0000  0.0367  0.2837  0.9589  1.0000     NaN
RMSD =  0.0821

        A1      A2      A3      A4      A5        
V1  0.0004  0.0242  0.1847  0.6234  0.6500  0.0010
V2  0.1403  0.1642  0.3246  0.7633  0.7900  0.4006
V3  0.2738  0.2976  0.4581  0.8968  0.9235  0.7815
V4  0.3410  0.3649  0.5253  0.9640  0.9907  0.9735
V5  0.3503  0.3742  0.5346  0.9733  1.0000  1.0000
    0.0000  0.0367  0.2837  0.9589  1.0000     NaN
RMSD =  0.0821

        A1      A2      A3      A4      A5        
V1  0.0004  0.0242  0.1847  0.6234  0.6500  0.0010
V2  0.1403  0.1642  0.3246  0.7633  0.7900  0.4006
V3  0.2738  0.2976  0.4581  0.8968  0.9235  0.7815
V4  0.3410  0.3649  0.5253  0.9640  0.9907  0.9735
V5  0.3503  0.3742  0.5346  0.9733  1.0000  1.0000
    0.0000  0.0367  0.2837  0.9589  1.0000     NaN
RMSD =  0.0821

        A1      A2      A3      A4      A5        
V1  0.0004  0.0242  0.1847  0.6234  0.6500  0.0010
V2  0.1403  0.1642  0.3246  0.7633  0.7900  0.4006
V3  0.2738  0.2976  0.4581  0.8968  0.9235  0.7815
V4  0.3410  0.3649  0.5253  0.9640  0.9907  0.9735
V5  0.3503  0.3742  0.5346  0.9733  1.0000  1.0000
    0.0000  0.0367  0.2837  0.9589  1.0000     NaN
RMSD =  0.0821

        A1      A2      A3      A4      A5        
V1  0.0004  0.0242  0.1847  0.6234  0.6500  0.0010
V2  0.1403  0.1642  0.3246  0.7633  0.7900  0.4006
V3  0.2738  0.2976  0.4581  0.8968  0.9235  0.7815
V4  0.3410  0.3649  0.5253  0.9640  0.9907  0.9735
V5  0.3503  0.3742  0.5346  0.9733  1.0000  1.0000
    0.0000  0.0367  0.2837  0.9589  1.0000     NaN
RMSD =  0.0821

        A1      A2      A3      A4      A5        
V1  0.0004  0.0242  0.1847  0.6234  0.6500  0.0010
V2  0.1403  0.1642  0.3246  0.7633  0.7900  0.4006
V3  0.2738  0.2976  0.4581  0.8968  0.9235  0.7815
V4  0.3410  0.3649  0.5253  0.9640  0.9907  0.9735
V5  0.3503  0.3742  0.5346  0.9733  1.0000  1.0000
    0.0000  0.0367  0.2837  0.9589  1.0000     NaN
RMSD =  0.0821

        A1      A2      A3      A4      A5        
V1  0.0004  0.0242  0.1847  0.6234  0.6500  0.0010
V2  0.1403  0.1642  0.3246  0.7633  0.7900  0.4006
V3  0.2738  0.2976  0.4581  0.8968  0.9235  0.7815
V4  0.3410  0.3649  0.5253  0.9640  0.9907  0.9735
V5  0.3503  0.3742  0.5346  0.9733  1.0000  1.0000
    0.0000  0.0367  0.2837  0.9589  1.0000     NaN
RMSD =  0.0821

        A1      A2      A3      A4      A5        
V1  0.0004  0.0242  0.1847  0.6234  0.6500  0.0010
V2  0.1403  0.1642  0.3246  0.7633  0.7900  0.4006
V3  0.2738  0.2976  0.4581  0.8968  0.9235  0.7815
V4  0.3410  0.3649  0.5253  0.9640  0.9907  0.9735
V5  0.3503  0.3742  0.5346  0.9733  1.0000  1.0000
    0.0000  0.0367  0.2837  0.9589  1.0000     NaN
RMSD =  0.0821

        A1      A2      A3      A4      A5        
V1  0.0004  0.0242  0.1847  0.6234  0.6500  0.0010
V2  0.1403  0.1642  0.3246  0.7633  0.7900  0.4006
V3  0.2738  0.2976  0.4581  0.8968  0.9235  0.7815
V4  0.3410  0.3649  0.5253  0.9640  0.9907  0.9735
V5  0.3503  0.3742  0.5346  0.9733  1.0000  1.0000
    0.0000  0.0367  0.2837  0.9589  1.0000     NaN
RMSD =  0.0821

        A1      A2      A3      A4      A5        
V1  0.0004  0.0242  0.1847  0.6234  0.6500  0.0010
V2  0.1403  0.1642  0.3246  0.7633  0.7900  0.4006
V3  0.2738  0.2976  0.4581  0.8968  0.9235  0.7815
V4  0.3410  0.3649  0.5253  0.9640  0.9907  0.9735
V5  0.3503  0.3742  0.5346  0.9733  1.0000  1.0000
    0.0000  0.0367  0.2837  0.9589  1.0000     NaN
RMSD =  0.0821

        A1      A2      A3      A4      A5        
V1  0.0004  0.0242  0.1847  0.6234  0.6500  0.0010
V2  0.1403  0.1642  0.3246  0.7633  0.7900  0.4006
V3  0.2738  0.2976  0.4581  0.8968  0.9235  0.7815
V4  0.3410  0.3649  0.5253  0.9640  0.9907  0.9735
V5  0.3503  0.3742  0.5346  0.9733  1.0000  1.0000
    0.0000  0.0367  0.2837  0.9589  1.0000     NaN
RMSD =  0.0821

        A1      A2      A3      A4      A5        
V1  0.0004  0.0242  0.1847  0.6234  0.6500  0.0010
V2  0.1403  0.1642  0.3246  0.7633  0.7900  0.4006
V3  0.2738  0.2976  0.4581  0.8968  0.9235  0.7815
V4  0.3410  0.3649  0.5253  0.9640  0.9907  0.9735
V5  0.3503  0.3742  0.5346  0.9733  1.0000  1.0000
    0.0000  0.0367  0.2837  0.9589  1.0000     NaN
RMSD =  0.0821

        A1      A2      A3      A4      A5        
V1  0.0004  0.0242  0.1847  0.6234  0.6500  0.0010
V2  0.1403  0.1642  0.3246  0.7633  0.7900  0.4006
V3  0.2738  0.2976  0.4581  0.8968  0.9235  0.7815
V4  0.3410  0.3649  0.5253  0.9640  0.9907  0.9735
V5  0.3503  0.3742  0.5346  0.9733  1.0000  1.0000
    0.0000  0.0367  0.2837  0.9589  1.0000     NaN
RMSD =  0.0821

        A1      A2      A3      A4      A5        
V1  0.0004  0.0242  0.1847  0.6234  0.6500  0.0010
V2  0.1403  0.1642  0.3246  0.7633  0.7900  0.4006
V3  0.2738  0.2976  0.4581  0.8968  0.9235  0.7815
V4  0.3410  0.3649  0.5253  0.9640  0.9907  0.9735
V5  0.3503  0.3742  0.5346  0.9733  1.0000  1.0000
    0.0000  0.0367  0.2837  0.9589  1.0000     NaN
RMSD =  0.0821

        A1      A2      A3      A4      A5        
V1  0.0004  0.0242  0.1847  0.6234  0.6500  0.0010
V2  0.1403  0.1642  0.3246  0.7633  0.7900  0.4006
V3  0.2738  0.2976  0.4581  0.8968  0.9235  0.7815
V4  0.3410  0.3649  0.5253  0.9640  0.9907  0.9735
V5  0.3503  0.3742  0.5346  0.9733  1.0000  1.0000
    0.0000  0.0367  0.2837  0.9589  1.0000     NaN
RMSD =  0.0821

        A1      A2      A3      A4      A5        
V1  0.0004  0.0242  0.1847  0.6234  0.6500  0.0010
V2  0.1403  0.1642  0.3246  0.7633  0.7900  0.4006
V3  0.2738  0.2976  0.4581  0.8968  0.9235  0.7815
V4  0.3410  0.3649  0.5253  0.9640  0.9907  0.9735
V5  0.3503  0.3742  0.5346  0.9733  1.0000  1.0000
    0.0000  0.0367  0.2837  0.9589  1.0000     NaN
RMSD =  0.0821

        A1      A2      A3      A4      A5        
V1  0.0004  0.0242  0.1847  0.6234  0.6500  0.0010
V2  0.1403  0.1642  0.3246  0.7633  0.7900  0.4006
V3  0.2738  0.2976  0.4581  0.8968  0.9235  0.7815
V4  0.3410  0.3649  0.5253  0.9640  0.9907  0.9735
V5  0.3503  0.3742  0.5346  0.9733  1.0000  1.0000
    0.0000  0.0367  0.2837  0.9589  1.0000     NaN
RMSD =  0.0821


Model Fitting Result

 active_mask: array([-1,  0,  0,  0,  1,  0,  0,  0,  0,  1,  0])
        cost: 0.12146036551278387
         fun: array([ 0.01      ,  0.00329839, -0.05368476, -0.01894236, -0.01      ,
        0.02895365,  0.03941241,  0.03846254, -0.0434547 , -0.03      ,
       -0.14967116,  0.01963343, -0.00421054, -0.11466838, -0.09336376,
        0.10996227, -0.11033738, -0.07418136, -0.12463919,  0.04666542,
        0.14999145, -0.14379511, -0.09763909,  0.00190308,  0.06320769,
        0.06653373, -0.07102925,  0.04512677,  0.15466894, -0.00402645,
       -0.00070041, -0.07032884,  0.12582719,  0.16536935,  0.01667396,
       -0.01      ])
        grad: array([ 2.34183553e-01,  1.96358104e-09, -3.15510923e-08, -1.07317062e-08,
       -1.95157734e-01, -3.20316197e-08, -4.32458562e-08, -4.16451916e-08,
        4.91503422e-08, -4.97144062e-02, -4.18968267e-07])
         jac: array([[-1.        ,  0.        ,  0.        ,  0.        , -0.        ,
         0.        ,  0.        ,  0.        ,  0.        , -0.        ,
         0.        ],
       [ 0.        , -1.        ,  0.        ,  0.        , -0.        ,
         0.        ,  0.        ,  0.        ,  0.        , -0.        ,
         0.        ],
       [ 0.        ,  0.        , -1.        ,  0.        , -0.        ,
         0.        ,  0.        ,  0.        ,  0.        , -0.        ,
         0.        ],
       [ 0.        ,  0.        ,  0.        , -1.        , -0.        ,
         0.        ,  0.        ,  0.        ,  0.        , -0.        ,
         0.        ],
       [ 0.        ,  0.        ,  0.        ,  0.        , -1.        ,
         0.        ,  0.        ,  0.        ,  0.        , -0.        ,
         0.        ],
       [ 0.        ,  0.        ,  0.        ,  0.        , -0.        ,
        -1.        ,  0.        ,  0.        ,  0.        , -0.        ,
         0.        ],
       [ 0.        ,  0.        ,  0.        ,  0.        , -0.        ,
         0.        , -1.        ,  0.        ,  0.        , -0.        ,
         0.        ],
       [ 0.        ,  0.        ,  0.        ,  0.        , -0.        ,
         0.        ,  0.        , -1.        ,  0.        , -0.        ,
         0.        ],
       [ 0.        ,  0.        ,  0.        ,  0.        , -0.        ,
         0.        ,  0.        ,  0.        , -1.        , -0.        ,
         0.        ],
       [ 0.        ,  0.        ,  0.        ,  0.        , -0.        ,
         0.        ,  0.        ,  0.        ,  0.        , -1.        ,
         0.        ],
       [ 0.        ,  0.        ,  0.        ,  0.        , -0.        ,
         0.        ,  0.        ,  0.        ,  0.        , -0.        ,
        -1.        ],
       [-0.64967116,  0.        ,  0.        ,  0.        , -0.        ,
        -0.35032884,  0.        ,  0.        ,  0.        , -0.        ,
         0.00104635],
       [ 0.        , -0.64967116,  0.        ,  0.        , -0.        ,
        -0.35032884,  0.        ,  0.        ,  0.        , -0.        ,
        -0.03565526],
       [ 0.        ,  0.        , -0.64967116,  0.        , -0.        ,
        -0.35032884,  0.        ,  0.        ,  0.        , -0.        ,
        -0.28263841],
       [ 0.        ,  0.        ,  0.        , -0.64967116, -0.        ,
        -0.35032884,  0.        ,  0.        ,  0.        , -0.        ,
        -0.95789602],
       [ 0.        ,  0.        ,  0.        ,  0.        , -0.64967117,
        -0.35032884,  0.        ,  0.        ,  0.        , -0.        ,
        -0.99895366],
       [-0.64967116,  0.        ,  0.        ,  0.        , -0.        ,
         0.        , -0.35032884,  0.        ,  0.        , -0.        ,
         0.40058759],
       [ 0.        , -0.64967116,  0.        ,  0.        , -0.        ,
         0.        , -0.35032884,  0.        ,  0.        , -0.        ,
         0.36388598],
       [ 0.        ,  0.        , -0.64967116,  0.        , -0.        ,
         0.        , -0.35032884,  0.        ,  0.        , -0.        ,
         0.11690282],
       [ 0.        ,  0.        ,  0.        , -0.64967116, -0.        ,
         0.        , -0.35032884,  0.        ,  0.        , -0.        ,
        -0.55835477],
       [ 0.        ,  0.        ,  0.        ,  0.        , -0.64967117,
         0.        , -0.35032884,  0.        ,  0.        , -0.        ,
        -0.5994124 ],
       [-0.64967116,  0.        ,  0.        ,  0.        , -0.        ,
         0.        ,  0.        , -0.35032884,  0.        , -0.        ,
         0.78153746],
       [ 0.        , -0.64967116,  0.        ,  0.        , -0.        ,
         0.        ,  0.        , -0.35032884,  0.        , -0.        ,
         0.74483585],
       [ 0.        ,  0.        , -0.64967116,  0.        , -0.        ,
         0.        ,  0.        , -0.35032884,  0.        , -0.        ,
         0.49785269],
       [ 0.        ,  0.        ,  0.        , -0.64967115, -0.        ,
         0.        ,  0.        , -0.35032883,  0.        , -0.        ,
        -0.1774049 ],
       [ 0.        ,  0.        ,  0.        ,  0.        , -0.64967117,
         0.        ,  0.        , -0.35032883,  0.        , -0.        ,
        -0.21846254],
       [-0.64967116,  0.        ,  0.        ,  0.        , -0.        ,
         0.        ,  0.        ,  0.        , -0.35032884, -0.        ,
         0.9734547 ],
       [ 0.        , -0.64967116,  0.        ,  0.        , -0.        ,
         0.        ,  0.        ,  0.        , -0.35032884, -0.        ,
         0.93675309],
       [ 0.        ,  0.        , -0.64967116,  0.        , -0.        ,
         0.        ,  0.        ,  0.        , -0.35032883, -0.        ,
         0.68976993],
       [ 0.        ,  0.        ,  0.        , -0.64967116, -0.        ,
         0.        ,  0.        ,  0.        , -0.35032884, -0.        ,
         0.01451234],
       [ 0.        ,  0.        ,  0.        ,  0.        , -0.64967117,
         0.        ,  0.        ,  0.        , -0.35032884, -0.        ,
        -0.02654531],
       [-0.64967116,  0.        ,  0.        ,  0.        , -0.        ,
         0.        ,  0.        ,  0.        ,  0.        , -0.35032884,
         1.        ],
       [ 0.        , -0.64967116,  0.        ,  0.        , -0.        ,
         0.        ,  0.        ,  0.        ,  0.        , -0.35032884,
         0.9632984 ],
       [ 0.        ,  0.        , -0.64967116,  0.        , -0.        ,
         0.        ,  0.        ,  0.        ,  0.        , -0.35032883,
         0.71631523],
       [ 0.        ,  0.        ,  0.        , -0.64967117, -0.        ,
         0.        ,  0.        ,  0.        ,  0.        , -0.35032883,
         0.04105763],
       [ 0.        ,  0.        ,  0.        ,  0.        , -0.64967117,
         0.        ,  0.        ,  0.        ,  0.        , -0.35032883,
         0.        ]])
     message: '`ftol` termination condition is satisfied.'
        nfev: 7
        njev: 7
  optimality: 1.4677666619895875e-07
      status: 2
     success: True
           x: array([1.81785737e-16, 3.67016053e-02, 2.83684763e-01, 9.58942360e-01,
       1.00000000e+00, 1.04634923e-03, 4.00587589e-01, 7.81537460e-01,
       9.73454695e-01, 1.00000000e+00, 6.49671162e-01])

        A1      A2      A3      A4      A5        
V1  0.0004  0.0242  0.1847  0.6234  0.6500  0.0010
V2  0.1403  0.1642  0.3246  0.7633  0.7900  0.4006
V3  0.2738  0.2976  0.4581  0.8968  0.9235  0.7815
V4  0.3410  0.3649  0.5253  0.9640  0.9907  0.9735
V5  0.3503  0.3742  0.5346  0.9733  1.0000  1.0000
    0.0000  0.0367  0.2837  0.9589  1.0000     NaN

Optimal Parameters

Auditory [0.0, 0.0367, 0.2837, 0.9589, 1.0]
Visual [0.001, 0.4006, 0.7815, 0.9735, 1.0]
Bias 0.6497
